condition,control_family,realization,seed_block,source_baseline_id,pairing_baseline_replicate,baseline_replicate,selection_strength,evaluation_topology_id,continuation_root_seed,continuation_stream_key,map_id,map_hash,method,endpoint_type,actual_groups,retained_information,baseline_information,continuation_index,viability,mean_fitness_trajectory_json,final_population_hash
alternative_a_cross_b,alternative_a_cross_b,0,7,alternative_a_p1.0_r07,selective_p1.0_r07,alternative_a_cross_b_p1.0_r07,1.0,topology_11,2026073104,selective_p1.0_r07|0,actual,actual,unintervened,actual,1024,0.3044613632378201,0.3044613632378201,0,35.787955729166676,"[35.315625, 35.7703125, 36.08671875, 35.63515625, 35.2765625, 36.01015625, 36.0046875, 36.22265625, 35.5546875, 34.91796875, 36.16953125, 36.13515625, 35.659375, 34.94609375, 36.1828125, 36.40859375, 36.1390625, 36.02265625, 35.51640625, 36.4109375, 35.69375, 35.11640625, 35.9046875, 35.3703125, 35.9890625, 35.09296875, 35.25390625, 36.296875, 34.95546875, 35.971875, 36.30859375, 36.12109375, 35.89375, 36.2359375, 35.8921875, 35.884375]",400c908b5c197a17dcc679351d1f7c2212402fb097867b0d24113fb3ce05d650
alternative_a_cross_b,alternative_a_cross_b,0,7,alternative_a_p1.0_r07,selective_p1.0_r07,alternative_a_cross_b_p1.0_r07,1.0,topology_11,2026073104,selective_p1.0_r07|0,m000_constant,9f1dcbc35c350d6027f98be0f5c8b43b42ca52b7604459c0c42be3aa88913d47,constant,constant,1,8.008566259537292e-17,0.3044613632378201,0,27.87888454861111,"[28.08671875, 27.70078125, 27.3453125, 27.48125, 27.78984375, 28.55625, 28.125, 27.8359375, 27.5453125, 28.06953125, 28.14453125, 27.684375, 27.16015625, 27.84375, 27.9234375, 27.83125, 28.28828125, 27.19375, 27.98359375, 28.04921875, 27.33515625, 27.33984375, 28.32734375, 27.95859375, 27.946875, 27.09140625, 27.971875, 28.6125, 27.840625, 28.04765625, 28.73203125, 28.2984375, 27.34609375, 28.09453125, 28.27265625, 27.7859375]",203837e2c26486a47e628f214e8dd8a1665ce0b6b7be26a5f5362fe5c38e68f8
alternative_a_cross_b,alternative_a_cross_b,0,7,alternative_a_p1.0_r07,selective_p1.0_r07,alternative_a_cross_b_p1.0_r07,1.0,topology_11,2026073104,selective_p1.0_r07|0,m001_balanced_random_group,74484e9508b33b029e993a9e9ccafe4f01d96055374e557f6aa5a37d25bd9c9f,balanced_random_group,intermediate,2,0.006686967483867778,0.3044613632378201,0,27.93120659722222,"[28.159375, 27.64765625, 27.59375, 27.59609375, 27.8234375, 28.69453125, 28.23125, 27.93203125, 27.54921875, 28.16875, 28.07890625, 27.740625, 27.2375, 27.9015625, 27.98671875, 28.015625, 28.35390625, 27.284375, 28.0859375, 28.07578125, 27.4390625, 27.43984375, 28.37734375, 27.96484375, 27.97421875, 27.0890625, 27.94375, 28.6203125, 27.81015625, 27.9765625, 28.68984375, 28.334375, 27.31953125, 28.1828125, 28.3640625, 27.840625]",c7e6f82adef82aa0197ad08dc1ecdd1e5f463167016dac8063d3af3efee2bcc5
alternative_a_cross_b,alternative_a_cross_b,0,7,alternative_a_p1.0_r07,selective_p1.0_r07,alternative_a_cross_b_p1.0_r07,1.0,topology_11,2026073104,selective_p1.0_r07|0,m002_balanced_random_group,e96a93c5fa6154fe18dcd30eb7bdbc3a6e3320a989da83ae67372a9adf58cbba,balanced_random_group,intermediate,4,0.03275560395761037,0.3044613632378201,0,27.78943142361111,"[27.92265625, 27.58515625, 27.14140625, 27.546875, 27.875, 28.475, 28.040625, 27.7734375, 27.51171875, 27.77265625, 27.871875, 27.65546875, 27.215625, 27.5828125, 27.7546875, 27.85078125, 28.13359375, 27.2828125, 27.91484375, 28.0640625, 27.2453125, 27.3640625, 28.159375, 27.7890625, 27.86015625, 27.0625, 28.03125, 28.48515625, 27.709375, 27.82734375, 28.653125, 28.0609375, 27.2125, 27.9765625, 28.21484375, 27.796875]",0c2d5f6543621c43868d5d0cd9a7da5034a6da1c9e047139a49f4575a7eb9927
alternative_a_cross_b,alternative_a_cross_b,0,7,alternative_a_p1.0_r07,selective_p1.0_r07,alternative_a_cross_b_p1.0_r07,1.0,topology_11,2026073104,selective_p1.0_r07|0,m003_balanced_random_group,14f0105f9e20916e897f4df17fdec0d896085dd5f5320e129bc322820142f8a6,balanced_random_group,intermediate,8,0.05935730865796329,0.3044613632378201,0,27.967078993055555,"[27.9921875, 27.909375, 27.50546875, 27.84140625, 28.05703125, 28.62734375, 28.21796875, 27.88515625, 27.70703125, 28.05859375, 28.4109375, 27.62265625, 27.4125, 27.7859375, 27.97890625, 28.0234375, 28.4328125, 27.25703125, 28.059375, 28.0578125, 27.49140625, 27.44921875, 28.37890625, 27.78046875, 28.109375, 27.2875, 27.8421875, 28.85390625, 27.72734375, 28.16796875, 28.7421875, 28.4671875, 27.35390625, 28.234375, 28.2828125, 27.803125]",4a3ea1390d3ac6f22bdfc66a8de12c179d341dc4f8390282a5421f1f8fa068c1
alternative_a_cross_b,alternative_a_cross_b,0,7,alternative_a_p1.0_r07,selective_p1.0_r07,alternative_a_cross_b_p1.0_r07,1.0,topology_11,2026073104,selective_p1.0_r07|0,m004_balanced_random_group,bb2ba2d5c103ddf6a98d341d94ebe51e88d622a6cb807898cdf9fd63b491a80f,balanced_random_group,intermediate,16,0.126753197472528,0.3044613632378201,0,28.158420138888893,"[28.10234375, 27.8578125, 27.73671875, 27.6765625, 28.18359375, 28.7703125, 28.778125, 27.9609375, 28.0625, 28.25390625, 28.3265625, 27.88125, 27.5390625, 27.99921875, 28.12265625, 28.478125, 28.246875, 27.4984375, 28.403125, 28.26171875, 27.69609375, 27.8984375, 28.74921875, 28.040625, 28.35859375, 27.52578125, 28.19921875, 28.546875, 27.85546875, 28.24375, 28.66640625, 28.58359375, 27.67265625, 28.60546875, 28.65703125, 28.2640625]",f5fe3a77bd5ad062b6fc070291f284be09330a85e403e097532665c800576c90
alternative_a_cross_b,alternative_a_cross_b,0,7,alternative_a_p1.0_r07,selective_p1.0_r07,alternative_a_cross_b_p1.0_r07,1.0,topology_11,2026073104,selective_p1.0_r07|0,m005_balanced_random_group,c65bd191d1da1176a8030b84146455e1d1f9bf63bb8d4993a72ab07906c80b78,balanced_random_group,intermediate,32,0.18609672552897666,0.3044613632378201,0,27.942795138888883,"[27.9921875, 27.375, 27.521875, 27.58984375, 28.1984375, 28.5953125, 28.2453125, 27.95546875, 27.834375, 27.9296875, 28.0203125, 27.68359375, 27.1421875, 27.71328125, 28.0765625, 27.8609375, 28.00859375, 27.39296875, 28.20546875, 28.134375, 27.3953125, 27.34140625, 28.21953125, 27.75390625, 28.13515625, 27.30859375, 27.84765625, 28.7078125, 27.88671875, 28.27421875, 28.5390625, 28.36796875, 27.45859375, 28.64375, 28.571875, 28.01328125]",21a8c0d783f4098ea115b4e4446a4672f755e1f1107d83ec7c4f5b6a3eef45c3
alternative_a_cross_b,alternative_a_cross_b,0,7,alternative_a_p1.0_r07,selective_p1.0_r07,alternative_a_cross_b_p1.0_r07,1.0,topology_11,2026073104,selective_p1.0_r07|0,m006_balanced_random_group,54146794238237c8e13f9205ac93004ce5acfdbc51f3cd9b991ee15e2a36f684,balanced_random_group,intermediate,64,0.2314472024115023,0.3044613632378201,0,29.12649739583334,"[29.27265625, 28.7625, 28.696875, 28.4296875, 29.37734375, 29.7078125, 28.92734375, 29.09375, 29.1953125, 29.35546875, 29.5140625, 28.478125, 28.95859375, 29.528125, 29.26796875, 29.24296875, 29.7203125, 28.984375, 29.33203125, 29.01171875, 28.92578125, 28.92421875, 29.56875, 28.6671875, 28.86484375, 28.0078125, 29.18515625, 29.79140625, 29.25859375, 29.39453125, 29.59765625, 29.54453125, 28.54765625, 29.13359375, 29.134375, 29.15078125]",49b3af3a16154595ea3ff19e510121abfe5e8b0af76861224721620b42418315
alternative_a_cross_b,alternative_a_cross_b,0,7,alternative_a_p1.0_r07,selective_p1.0_r07,alternative_a_cross_b_p1.0_r07,1.0,topology_11,2026073104,selective_p1.0_r07|0,m007_balanced_random_group,e179435da112ea8d971ae26891de689741e68338ddf13a7241197cfbaded0b83,balanced_random_group,intermediate,128,0.2738289588403555,0.3044613632378201,0,30.39327256944445,"[30.346875, 29.49140625, 29.68984375, 30.09375, 29.8609375, 30.3546875, 30.85390625, 30.19609375, 30.51171875, 30.30078125, 31.2109375, 30.67265625, 29.77734375, 30.6, 29.8890625, 30.3921875, 30.61484375, 30.009375, 30.63984375, 30.82734375, 30.5109375, 30.3609375, 31.075, 30.42109375, 30.75625, 30.34453125, 30.525, 31.071875, 29.7125, 30.21640625, 30.70625, 30.54375, 29.71953125, 30.8375, 30.69921875, 30.3234375]",c5f2b2c12737793330920b2de14adcce2088eb8cf99258e81c64213a8ea3a618
alternative_a_cross_b,alternative_a_cross_b,0,7,alternative_a_p1.0_r07,selective_p1.0_r07,alternative_a_cross_b_p1.0_r07,1.0,topology_11,2026073104,selective_p1.0_r07|0,m008_balanced_random_group,e471d7c08820922fc6c21006a6b4685c49e9368d31cd4fbe021c3167456046e0,balanced_random_group,intermediate,256,0.28376296411598184,0.3044613632378201,0,32.157703993055556,"[32.0, 31.94453125, 31.56328125, 31.3640625, 32.3375, 32.76328125, 32.4640625, 31.8765625, 31.95703125, 31.6140625, 32.53359375, 32.2609375, 32.19140625, 31.62578125, 31.9953125, 32.58359375, 32.10078125, 32.75390625, 32.02265625, 32.678125, 32.51796875, 31.71796875, 32.0515625, 32.45078125, 32.19921875, 31.803125, 32.04921875, 32.184375, 32.0140625, 32.35625, 32.79140625, 32.54140625, 31.70546875, 32.21171875, 32.27109375, 32.18125]",8e5f92a67b677de24060c0534be2dab53606a6b9eb8cd8d0f326f0503ef0c538
alternative_a_cross_b,alternative_a_cross_b,0,7,alternative_a_p1.0_r07,selective_p1.0_r07,alternative_a_cross_b_p1.0_r07,1.0,topology_11,2026073104,selective_p1.0_r07|0,m009_balanced_random_group,3394d1cdf22e9723777f99c632a137ebcd7b9bff50e9406fa9f5a34da26ac720,balanced_random_group,intermediate,512,0.29591095068097584,0.3044613632378201,0,31.44364149305556,"[30.10625, 30.59296875, 31.12734375, 30.85390625, 30.725, 31.8765625, 30.96171875, 30.82421875, 30.53203125, 30.76328125, 31.2578125, 31.60390625, 30.53359375, 31.4375, 31.96875, 31.803125, 31.91796875, 31.3375, 31.78359375, 31.6640625, 31.85, 31.3625, 32.5875, 31.640625, 30.91328125, 30.75625, 31.9609375, 31.8765625, 31.621875, 32.0890625, 32.01640625, 31.83203125, 31.46484375, 32.54765625, 31.98203125, 31.7984375]",a453a3e9f9c37f481bf0f50d13462e5a3cce1a38d1011a825c2c5fea458300ae
alternative_a_cross_b,alternative_a_cross_b,0,7,alternative_a_p1.0_r07,selective_p1.0_r07,alternative_a_cross_b_p1.0_r07,1.0,topology_11,2026073104,selective_p1.0_r07|0,m010_affinity_rank_group,3f53151fb2f814971fd6c0128c5c0b7afe1b5cb5257e46a1db18b8ebc9946d94,affinity_rank_group,intermediate,2,0.012209277302059673,0.3044613632378201,0,27.90798611111111,"[28.15, 27.690625, 27.36953125, 27.4984375, 28.0140625, 28.56875, 28.228125, 27.82109375, 27.55859375, 28.059375, 28.14453125, 27.6609375, 27.2140625, 27.75234375, 27.88046875, 27.87265625, 28.2484375, 27.21796875, 28.08046875, 28.090625, 27.4046875, 27.34609375, 28.27421875, 28.0375, 28.021875, 27.19453125, 27.94375, 28.6171875, 27.91640625, 28.0046875, 28.74296875, 28.3625, 27.37890625, 28.19609375, 28.30078125, 27.82421875]",4472720177a786af0d346436d2fb964ee57bf1b3ffc4a0b6314530e0705318b0
alternative_a_cross_b,alternative_a_cross_b,0,7,alternative_a_p1.0_r07,selective_p1.0_r07,alternative_a_cross_b_p1.0_r07,1.0,topology_11,2026073104,selective_p1.0_r07|0,m011_affinity_rank_group,92e56b0f11cdce879476507882d715f1eecc12de134fc3982530e28ffd4eba29,affinity_rank_group,intermediate,4,0.03272078836776773,0.3044613632378201,0,27.919075520833335,"[28.0578125, 27.6, 27.38203125, 27.54765625, 28.09140625, 28.6390625, 28.265625, 27.85703125, 27.66328125, 28.08515625, 28.23046875, 27.84921875, 27.35703125, 27.82265625, 28.04453125, 27.89765625, 28.3515625, 27.28828125, 28.00859375, 27.978125, 27.3625, 27.39296875, 28.27421875, 27.9125, 28.03125, 27.2640625, 28.01875, 28.55234375, 27.721875, 28.01171875, 28.6171875, 28.34296875, 27.29765625, 28.18984375, 28.24921875, 27.83046875]",da4ea2786d701dff05d9f6615c16b4db556b9afbcfba93bfc9715824500a1edb
alternative_a_cross_b,alternative_a_cross_b,0,7,alternative_a_p1.0_r07,selective_p1.0_r07,alternative_a_cross_b_p1.0_r07,1.0,topology_11,2026073104,selective_p1.0_r07|0,m012_affinity_rank_group,0a19adabdd017fc722384804e89caf4ecf35837689486f63c24094087da5c2ba,affinity_rank_group,intermediate,8,0.07169425191874151,0.3044613632378201,0,28.044965277777777,"[28.42890625, 27.9171875, 27.3859375, 27.5140625, 28.23671875, 28.95546875, 28.3609375, 27.89921875, 27.83828125, 28.0828125, 28.25078125, 27.84375, 27.4484375, 28.02578125, 27.98515625, 27.98359375, 28.40390625, 27.46015625, 28.31171875, 28.11015625, 27.58671875, 27.7875, 28.2296875, 28.2140625, 28.190625, 27.14765625, 28.04453125, 28.58203125, 27.853125, 28.2, 28.6484375, 28.53125, 27.42109375, 28.46328125, 28.278125, 27.99765625]",a20d68e38a825807e057335c37d6bb3986e3293cb7b6461e5d718396dfe254c9
alternative_a_cross_b,alternative_a_cross_b,0,7,alternative_a_p1.0_r07,selective_p1.0_r07,alternative_a_cross_b_p1.0_r07,1.0,topology_11,2026073104,selective_p1.0_r07|0,m013_affinity_rank_group,d176c8d0ee881709b5af7061b49578d8041bef9dde73ceb9e47e4dd86f7ee987,affinity_rank_group,intermediate,16,0.12100720289738194,0.3044613632378201,0,28.093446180555553,"[28.35546875, 27.94609375, 27.48671875, 27.83046875, 28.2890625, 29.109375, 28.5234375, 28.11171875, 28.3546875, 27.93125, 28.28125, 28.07578125, 27.334375, 28.13828125, 27.6828125, 28.2, 28.35390625, 27.50078125, 28.178125, 28.2734375, 27.878125, 27.5546875, 28.43671875, 28.15703125, 28.09296875, 27.2359375, 28.0421875, 28.64609375, 27.66640625, 28.21875, 28.7171875, 28.59453125, 27.5890625, 28.246875, 28.49375, 27.83671875]",d931c387b9e53179aad653f80e94ca4196e2593408a0e201ad141cb875ef57dc
alternative_a_cross_b,alternative_a_cross_b,0,7,alternative_a_p1.0_r07,selective_p1.0_r07,alternative_a_cross_b_p1.0_r07,1.0,topology_11,2026073104,selective_p1.0_r07|0,m014_affinity_rank_group,a08bb91ec0e66d0b3afe5332032fd3fb6769016bc04c2710b5e01a8e599df454,affinity_rank_group,intermediate,32,0.19644733966939776,0.3044613632378201,0,28.175520833333334,"[28.265625, 28.19921875, 27.46015625, 28.228125, 28.04609375, 28.578125, 28.59609375, 27.99921875, 27.97734375, 28.1765625, 28.296875, 28.109375, 27.1734375, 28.10625, 27.73828125, 28.3140625, 28.4953125, 27.57578125, 28.51953125, 28.08828125, 27.8765625, 27.85, 28.41015625, 28.2671875, 28.12578125, 27.1953125, 28.03359375, 28.8078125, 28.04453125, 28.47109375, 28.8546875, 28.7984375, 27.840625, 28.5609375, 28.9375, 28.30078125]",ef403a9f80cc9d8ef3284ed23ea464492fad3c4808e5351973f3d016b6b20fa3
alternative_a_cross_b,alternative_a_cross_b,0,7,alternative_a_p1.0_r07,selective_p1.0_r07,alternative_a_cross_b_p1.0_r07,1.0,topology_11,2026073104,selective_p1.0_r07|0,m015_affinity_rank_group,6ac4e014d135d7a7fbd4592fdf320f48570dc4bce5e1a5c2ca6054715b80f98a,affinity_rank_group,intermediate,64,0.25288609996856787,0.3044613632378201,0,28.299088541666666,"[28.32734375, 28.04296875, 27.63359375, 28.0765625, 28.45078125, 28.678125, 28.590625, 28.4703125, 28.125, 28.4, 28.2109375, 28.55234375, 27.70078125, 28.31328125, 28.434375, 28.20234375, 28.646875, 27.775, 28.56015625, 28.23515625, 28.2265625, 28.3515625, 28.65234375, 28.54921875, 28.26875, 27.06875, 27.625, 28.2703125, 28.315625, 28.434375, 28.8046875, 28.56875, 28.140625, 28.48203125, 29.10390625, 28.478125]",2571575b1d83749bc2153cf7218ef1d95e065e24f32d7f98ef4f13b93b751be1
alternative_a_cross_b,alternative_a_cross_b,0,7,alternative_a_p1.0_r07,selective_p1.0_r07,alternative_a_cross_b_p1.0_r07,1.0,topology_11,2026073104,selective_p1.0_r07|0,m016_affinity_rank_group,4c0d0a036a5c51abb14f88b143c35a9a2e7cecb590d4d0752b078fe3b59a18dd,affinity_rank_group,intermediate,128,0.27413212280620336,0.3044613632378201,0,30.343793402777774,"[29.85390625, 29.57265625, 29.21796875, 29.4, 30.48046875, 30.80234375, 29.715625, 30.565625, 29.9734375, 29.90546875, 30.7046875, 30.14921875, 30.12734375, 30.03125, 30.21640625, 30.19453125, 30.31484375, 30.09609375, 30.45625, 30.17109375, 30.02578125, 30.3203125, 30.49375, 30.1875, 30.3671875, 29.725, 30.8796875, 31.04296875, 30.5984375, 31.55, 30.6921875, 31.5671875, 30.18125, 30.85234375, 31.53359375, 30.41015625]",c3237db22875b341700f838de305b405110db0a7e0267a6a6493bb1bbe187f6d
alternative_a_cross_b,alternative_a_cross_b,0,7,alternative_a_p1.0_r07,selective_p1.0_r07,alternative_a_cross_b_p1.0_r07,1.0,topology_11,2026073104,selective_p1.0_r07|0,m017_affinity_rank_group,cf78b05538711825e0795152b13c3d2c15b5cd16f89c1995f7b006d8bc57c6a2,affinity_rank_group,intermediate,256,0.2860615926741774,0.3044613632378201,0,31.705685763888887,"[30.85625, 30.89765625, 31.01484375, 31.17578125, 31.94453125, 31.55234375, 31.453125, 30.9921875, 31.77734375, 31.2328125, 31.95078125, 31.85234375, 31.6765625, 31.21484375, 31.921875, 31.95546875, 32.025, 31.5546875, 31.85625, 31.66171875, 31.2015625, 31.44609375, 32.0234375, 32.10546875, 32.1546875, 31.38828125, 32.3953125, 32.259375, 31.925, 31.84921875, 32.57265625, 32.2390625, 31.47578125, 32.253125, 31.68203125, 31.8671875]",84a9c60a238030cc5661b4237224c98f949ea1058a17544b8c89a13b3d4cb6db
alternative_a_cross_b,alternative_a_cross_b,0,7,alternative_a_p1.0_r07,selective_p1.0_r07,alternative_a_cross_b_p1.0_r07,1.0,topology_11,2026073104,selective_p1.0_r07|0,m018_affinity_rank_group,24a6acb87a7364b0b1cbbe6fecc84df53e5243c78a06a6c6c4e7354b3e359435,affinity_rank_group,intermediate,512,0.29831637464558697,0.3044613632378201,0,32.58580729166667,"[32.3546875, 31.61328125, 32.440625, 32.04609375, 31.98046875, 33.13671875, 32.7375, 32.7078125, 31.853125, 32.240625, 32.23828125, 31.73515625, 31.4375, 31.58046875, 32.15625, 32.48984375, 32.40546875, 32.33515625, 32.1953125, 32.5640625, 32.45625, 32.4109375, 32.665625, 32.88515625, 33.125, 32.43984375, 33.06171875, 33.07734375, 32.98046875, 33.96796875, 33.93515625, 33.06015625, 33.10859375, 33.26640625, 33.45390625, 32.94609375]",fe298ea589f53a587cc8ad47f6c6456d57b588dda78d18aa6e481263c0ce8607
alternative_a_cross_b,alternative_a_cross_b,0,7,alternative_a_p1.0_r07,selective_p1.0_r07,alternative_a_cross_b_p1.0_r07,1.0,topology_11,2026073104,selective_p1.0_r07|0,m019_contiguous_substring,16cfd655e57fba08a658c1d50e1fe5976b2f905eee09ec260833cfb2b49d6f38,contiguous_substring,intermediate,4,0.028046116282886665,0.3044613632378201,0,27.57866753472222,"[27.7671875, 27.5375, 27.09921875, 27.2875, 27.51484375, 28.1765625, 28.0234375, 27.6265625, 27.27734375, 27.6640625, 28.04375, 27.41484375, 26.98359375, 27.32890625, 27.5140625, 27.678125, 27.86875, 26.9953125, 27.34375, 27.69375, 27.2015625, 27.00546875, 27.99453125, 27.5484375, 27.5359375, 26.81796875, 27.64921875, 28.33125, 27.2875, 27.81640625, 28.44609375, 28.1671875, 27.02421875, 27.81484375, 27.85859375, 27.49375]",81a60947b04a5080270cfbd17596a4926d107ccade8567908fcc6fcac288db69
alternative_a_cross_b,alternative_a_cross_b,0,7,alternative_a_p1.0_r07,selective_p1.0_r07,alternative_a_cross_b_p1.0_r07,1.0,topology_11,2026073104,selective_p1.0_r07|0,m020_contiguous_substring,6fb076d21f3b26febc2e6a328628b3ea581ce0709de4263bbe675d61bdb74942,contiguous_substring,intermediate,4,0.04180940445214847,0.3044613632378201,0,28.15540364583334,"[28.178125, 27.67109375, 27.59609375, 27.73671875, 28.2625, 28.828125, 28.290625, 28.13359375, 27.91015625, 28.3296875, 28.39921875, 28.0921875, 27.4640625, 28.08671875, 27.99453125, 28.25625, 28.63125, 27.6, 28.30859375, 28.32578125, 27.5265625, 27.87109375, 28.53515625, 28.353125, 28.33515625, 27.2453125, 28.4140625, 28.95625, 28.08671875, 28.17890625, 28.94921875, 28.5484375, 27.71171875, 28.36171875, 28.3953125, 28.03046875]",0814985c24fbc4685aa4282f46eeb2301fdad1b21dc29f9576a241e00fd435da
alternative_a_cross_b,alternative_a_cross_b,0,7,alternative_a_p1.0_r07,selective_p1.0_r07,alternative_a_cross_b_p1.0_r07,1.0,topology_11,2026073104,selective_p1.0_r07|0,m021_contiguous_substring,3ac98b3bd2edbbfc3b4339ca0066047ccba8e1cfa0ce798acbd27bab5b87d8af,contiguous_substring,intermediate,4,0.03191016532295493,0.3044613632378201,0,27.79839409722222,"[27.90546875, 27.46484375, 27.33671875, 27.49921875, 27.98125, 28.596875, 28.2046875, 27.78828125, 27.34453125, 27.8421875, 28.09140625, 27.5578125, 27.11015625, 27.8109375, 27.83671875, 27.78046875, 28.1125, 27.071875, 27.9, 28.03203125, 27.2265625, 27.40078125, 28.17734375, 27.88828125, 27.83671875, 26.79140625, 27.6859375, 28.64765625, 27.70703125, 27.96796875, 28.70234375, 28.2890625, 27.11171875, 28.1640625, 28.2, 27.67734375]",2f7445d952a6d06ebc4d4f8253d6d66959253499d07063ce4e3720cd19f13076
alternative_a_cross_b,alternative_a_cross_b,0,7,alternative_a_p1.0_r07,selective_p1.0_r07,alternative_a_cross_b_p1.0_r07,1.0,topology_11,2026073104,selective_p1.0_r07|0,m022_contiguous_substring,fc015e86e4e7f2c734c05fb1135856a6186a7b6e6f3079acc6d6c6e4aa7442e4,contiguous_substring,intermediate,4,0.035227895668371395,0.3044613632378201,0,27.94045138888889,"[28.30390625, 27.790625, 27.57421875, 27.5609375, 27.93984375, 28.55546875, 28.35390625, 27.91640625, 27.6390625, 28.02421875, 28.228125, 27.73203125, 27.37578125, 27.8125, 27.9015625, 28.0421875, 28.31640625, 27.25703125, 28.18671875, 28.0296875, 27.315625, 27.24609375, 28.2890625, 28.0765625, 27.98984375, 27.13828125, 27.9796875, 28.74453125, 27.96484375, 28.01796875, 28.70859375, 28.4234375, 27.28515625, 28.13671875, 28.3328125, 27.66640625]",fd45de5265344cdca98430b06064e9f28fbc0110855694ab66c9cc895558dcdc
alternative_a_cross_b,alternative_a_cross_b,0,7,alternative_a_p1.0_r07,selective_p1.0_r07,alternative_a_cross_b_p1.0_r07,1.0,topology_11,2026073104,selective_p1.0_r07|0,m023_contiguous_substring,6d8bb74bcdeefe62988bcebfe3cdb7110ea14648c3393721f4a4095032ddf61b,contiguous_substring,intermediate,4,0.021421723507992315,0.3044613632378201,0,27.92380642361111,"[28.15859375, 27.77265625, 27.42109375, 27.6390625, 28.065625, 28.8046875, 28.203125, 27.9328125, 27.68125, 27.97890625, 28.1296875, 27.89453125, 27.1515625, 27.79296875, 27.93671875, 27.8390625, 28.2296875, 27.1703125, 28.04609375, 27.88203125, 27.43515625, 27.5546875, 28.3203125, 27.91953125, 28.04375, 27.20859375, 27.85390625, 28.5171875, 27.80703125, 28.07890625, 28.8734375, 28.35546875, 27.36484375, 28.1, 28.2859375, 27.8078125]",fb9f9422a8b51f549a87dd2416cfc1974973eaccd8ea14d171aecd4fffb9ba4e
alternative_a_cross_b,alternative_a_cross_b,0,7,alternative_a_p1.0_r07,selective_p1.0_r07,alternative_a_cross_b_p1.0_r07,1.0,topology_11,2026073104,selective_p1.0_r07|0,m024_contiguous_substring,94ab69bff5420fbcf4c18d7a247ef0e4b9577d1295271abf78a62f51c3b59a0f,contiguous_substring,intermediate,16,0.12950094435480988,0.3044613632378201,0,28.092686631944446,"[28.3640625, 27.86015625, 27.46875, 27.859375, 28.071875, 28.7640625, 28.4984375, 27.9828125, 27.93671875, 28.0625, 28.421875, 27.828125, 27.4296875, 27.79921875, 28.12734375, 28.25703125, 28.35703125, 27.71171875, 28.33828125, 28.015625, 27.6265625, 27.61640625, 28.534375, 28.05625, 27.93046875, 27.48046875, 27.9703125, 28.93984375, 27.9578125, 28.18046875, 28.94453125, 28.78359375, 27.746875, 28.42421875, 28.275, 27.71484375]",ed1558c9dcfebc4d06f482036879bbc5596867aad79b3abd6bed6aa122ef6d14
alternative_a_cross_b,alternative_a_cross_b,0,7,alternative_a_p1.0_r07,selective_p1.0_r07,alternative_a_cross_b_p1.0_r07,1.0,topology_11,2026073104,selective_p1.0_r07|0,m025_contiguous_substring,ae330f3e6dd51f734f790820a896827f916e8d775c69ea1f205c55aa81507fe0,contiguous_substring,intermediate,16,0.11672594898263058,0.3044613632378201,0,28.19177517361111,"[28.27421875, 27.72890625, 27.58359375, 27.953125, 28.446875, 29.05703125, 28.696875, 28.27109375, 28.078125, 28.2890625, 28.35078125, 27.87578125, 27.7953125, 28.09765625, 28.096875, 28.46171875, 28.4875, 27.81171875, 28.4984375, 28.31328125, 27.58515625, 27.64609375, 28.47265625, 28.146875, 27.91796875, 27.10546875, 28.33046875, 28.83046875, 28.16328125, 28.61796875, 28.8640625, 28.63828125, 27.58359375, 28.4296875, 28.4078125, 27.99609375]",eb2ee2e416f39144be65e5982c7dec8498a6d9fa3bfd02f3cf0d72a212e4a6ac
alternative_a_cross_b,alternative_a_cross_b,0,7,alternative_a_p1.0_r07,selective_p1.0_r07,alternative_a_cross_b_p1.0_r07,1.0,topology_11,2026073104,selective_p1.0_r07|0,m026_contiguous_substring,5d3c5ea59a3a81c2ffdcfc7029fe0ab078b39be0217f1ee2611101845014273b,contiguous_substring,intermediate,16,0.11909838293344774,0.3044613632378201,0,28.142078993055556,"[28.0671875, 27.78515625, 27.571875, 27.71640625, 28.00078125, 28.83125, 28.4328125, 27.9609375, 27.8171875, 27.965625, 28.31796875, 27.55078125, 27.2765625, 28.05625, 28.1078125, 28.0921875, 28.29296875, 27.42734375, 28.446875, 28.265625, 27.89296875, 27.9796875, 28.55625, 28.32734375, 28.4328125, 27.4375, 28.39765625, 28.996875, 28.190625, 28.36328125, 29.0546875, 28.8, 27.6859375, 28.40703125, 28.42109375, 28.1875]",6f8ac9a4c67b2bb20503513bd5518cc5afd8ded77f65e5c78e2a09900ef2fe41
alternative_a_cross_b,alternative_a_cross_b,0,7,alternative_a_p1.0_r07,selective_p1.0_r07,alternative_a_cross_b_p1.0_r07,1.0,topology_11,2026073104,selective_p1.0_r07|0,m027_contiguous_substring,6edfbfdb62fbf79744d4ecfb6fe43de95b2133d87a10f24061ecc84297b1c267,contiguous_substring,intermediate,16,0.12299202364436038,0.3044613632378201,0,27.747591145833336,"[27.59609375, 27.528125, 27.128125, 27.515625, 27.77421875, 28.359375, 28.190625, 27.9, 27.6109375, 27.75078125, 27.96640625, 27.671875, 27.184375, 27.95, 27.559375, 27.640625, 28.14609375, 27.10859375, 27.69453125, 27.8484375, 27.175, 27.428125, 28.12421875, 27.60078125, 27.98359375, 27.00234375, 27.78828125, 28.36875, 27.4453125, 27.9109375, 28.6265625, 28.3359375, 27.26953125, 27.821875, 28.215625, 27.6921875]",2371010903ae053126866d7d0282df01409b0b39df5b71c68f42c0fc41fa3df5
alternative_a_cross_b,alternative_a_cross_b,0,7,alternative_a_p1.0_r07,selective_p1.0_r07,alternative_a_cross_b_p1.0_r07,1.0,topology_11,2026073104,selective_p1.0_r07|0,m028_contiguous_substring,6f9a04216ce84ed3a2ef19a2010723c498d866f2bb5d6eda67ea1bd16782bfd8,contiguous_substring,intermediate,64,0.22449887435776944,0.3044613632378201,0,28.54735243055556,"[28.53984375, 28.25859375, 27.7109375, 27.80078125, 28.765625, 29.18125, 29.0984375, 28.675, 28.35546875, 28.41640625, 28.82578125, 28.478125, 28.253125, 28.365625, 28.53203125, 28.83984375, 28.80390625, 28.046875, 28.67265625, 28.796875, 27.94453125, 28.07109375, 29.17265625, 28.4578125, 28.0875, 28.0875, 28.91171875, 29.22578125, 28.51171875, 28.590625, 29.503125, 28.8765625, 27.92421875, 28.7703125, 28.71171875, 28.440625]",89d38a51dbf033d28af41630467f79c5cbeab5f2d5cb67ba1bdf5ba61ba488f1
alternative_a_cross_b,alternative_a_cross_b,0,7,alternative_a_p1.0_r07,selective_p1.0_r07,alternative_a_cross_b_p1.0_r07,1.0,topology_11,2026073104,selective_p1.0_r07|0,m029_contiguous_substring,8d4ddfbfac0226f6a695d6b22ee21fbf533251852e95baca71b09f7710bfb22c,contiguous_substring,intermediate,64,0.2152069082823373,0.3044613632378201,0,29.01375868055556,"[28.89609375, 28.8, 28.70078125, 29.0578125, 29.00859375, 29.59609375, 29.42265625, 29.0140625, 29.059375, 29.11796875, 29.72578125, 28.8328125, 28.2265625, 28.77734375, 29.0265625, 29.06484375, 29.1953125, 28.45546875, 29.215625, 29.1703125, 28.42109375, 28.71484375, 29.18046875, 28.6859375, 28.91796875, 28.15, 28.87734375, 29.4078125, 29.31875, 29.1859375, 29.671875, 29.74453125, 28.515625, 29.43046875, 29.1453125, 28.76328125]",b7f6fa7b6e5508df9c0b957f5dec517c1a875eeac8173269b9a2f3c578e723a6
alternative_a_cross_b,alternative_a_cross_b,0,7,alternative_a_p1.0_r07,selective_p1.0_r07,alternative_a_cross_b_p1.0_r07,1.0,topology_11,2026073104,selective_p1.0_r07|0,m030_contiguous_substring,6ff19e1927dcafbb441ab0b4a0a61b92d1295d402f3277307a3f5b9d7850b98a,contiguous_substring,intermediate,64,0.2082516533935148,0.3044613632378201,0,28.135633680555554,"[28.44609375, 28.3515625, 27.49921875, 27.88671875, 28.04765625, 28.72265625, 28.540625, 28.078125, 28.35625, 28.13125, 28.81953125, 28.22734375, 27.14140625, 27.92890625, 28.0625, 28.22890625, 28.43515625, 27.6671875, 28.184375, 28.12265625, 28.190625, 27.93515625, 28.32734375, 28.03828125, 28.07734375, 27.43203125, 28.00859375, 28.57421875, 27.76640625, 28.02578125, 28.57421875, 28.58125, 27.79609375, 28.015625, 28.4359375, 28.22578125]",f1dd122ed527d5f9af21421ecd551723c2664c58df81d09841f3687d50c976e9
alternative_a_cross_b,alternative_a_cross_b,0,7,alternative_a_p1.0_r07,selective_p1.0_r07,alternative_a_cross_b_p1.0_r07,1.0,topology_11,2026073104,selective_p1.0_r07|0,m031_contiguous_substring,c824c782df91faee7515c9d811fab43ed5426465074d2e812a5277507d28ae96,contiguous_substring,intermediate,256,0.2720703244735182,0.3044613632378201,0,29.813433159722226,"[29.421875, 29.18203125, 28.815625, 29.1453125, 29.72109375, 29.85390625, 29.68828125, 29.4234375, 30.284375, 29.53984375, 30.8671875, 29.9484375, 29.8375, 29.81484375, 30.284375, 30.325, 29.9015625, 30.07109375, 29.76328125, 29.621875, 28.89140625, 29.54765625, 29.828125, 29.32890625, 29.41015625, 29.5015625, 30.16640625, 30.60546875, 29.41953125, 30.1515625, 29.89765625, 30.66796875, 29.428125, 30.2984375, 30.546875, 30.0828125]",f60d916668dea303015d4ca9d2d3544ca0e81f08ffc0bc74d8b218fc205c9f00
alternative_a_cross_b,alternative_a_cross_b,0,7,alternative_a_p1.0_r07,selective_p1.0_r07,alternative_a_cross_b_p1.0_r07,1.0,topology_11,2026073104,selective_p1.0_r07|0,m032_contiguous_substring,ef835eb9c371f618c6958654a7d25a1df1d12c09a53ecf66f9209fb882a8542d,contiguous_substring,intermediate,256,0.2606333365851267,0.3044613632378201,0,30.658658854166667,"[30.29765625, 29.6953125, 29.6609375, 29.88046875, 30.4125, 31.01015625, 30.36640625, 30.65, 30.7671875, 30.225, 31.38359375, 30.26328125, 29.92734375, 30.23828125, 30.2375, 31.1359375, 30.63203125, 29.725, 30.5796875, 30.87265625, 30.684375, 30.19921875, 30.67265625, 30.865625, 30.971875, 30.3875, 31.57109375, 31.23984375, 30.71640625, 31.359375, 30.83828125, 31.31875, 30.8546875, 31.3921875, 31.25859375, 31.4203125]",1e9f6e0dbca08dcb2296f87f26e342f73b57b1d44955c82b3ec6a25f0cd6ef05
alternative_a_cross_b,alternative_a_cross_b,0,7,alternative_a_p1.0_r07,selective_p1.0_r07,alternative_a_cross_b_p1.0_r07,1.0,topology_11,2026073104,selective_p1.0_r07|0,m033_identity,2f88e9ce00d238e7e011a7b140b413dcad818f1da41a721f914f1af604d0e217,identity,identity,1024,0.3044613632378201,0.3044613632378201,0,35.787955729166676,"[35.315625, 35.7703125, 36.08671875, 35.63515625, 35.2765625, 36.01015625, 36.0046875, 36.22265625, 35.5546875, 34.91796875, 36.16953125, 36.13515625, 35.659375, 34.94609375, 36.1828125, 36.40859375, 36.1390625, 36.02265625, 35.51640625, 36.4109375, 35.69375, 35.11640625, 35.9046875, 35.3703125, 35.9890625, 35.09296875, 35.25390625, 36.296875, 34.95546875, 35.971875, 36.30859375, 36.12109375, 35.89375, 36.2359375, 35.8921875, 35.884375]",400c908b5c197a17dcc679351d1f7c2212402fb097867b0d24113fb3ce05d650
alternative_a_cross_b,alternative_a_cross_b,0,7,alternative_a_p1.0_r07,selective_p1.0_r07,alternative_a_cross_b_p1.0_r07,1.0,topology_11,2026073104,selective_p1.0_r07|1,actual,actual,unintervened,actual,1024,0.3044613632378201,0.3044613632378201,1,35.82981770833334,"[35.34765625, 35.5046875, 36.0515625, 35.65234375, 36.0046875, 35.15703125, 35.49765625, 35.55546875, 35.77890625, 35.26875, 34.94296875, 35.6390625, 35.8765625, 34.7703125, 35.18828125, 35.34921875, 35.45703125, 36.159375, 36.084375, 35.54453125, 36.2140625, 36.746875, 36.40078125, 36.2484375, 36.26171875, 35.6359375, 36.45078125, 36.41171875, 36.19921875, 36.2890625, 35.89765625, 36.39921875, 36.3359375, 36.1375, 35.91875, 35.4953125]",d389c68bebd9d39aa52c9700332136fa8c3d0479eee35fa0ffc45dc124031941
alternative_a_cross_b,alternative_a_cross_b,0,7,alternative_a_p1.0_r07,selective_p1.0_r07,alternative_a_cross_b_p1.0_r07,1.0,topology_11,2026073104,selective_p1.0_r07|1,m000_constant,9f1dcbc35c350d6027f98be0f5c8b43b42ca52b7604459c0c42be3aa88913d47,constant,constant,1,8.008566259537292e-17,0.3044613632378201,1,27.89607204861111,"[27.81640625, 28.371875, 27.70546875, 28.621875, 27.725, 27.26640625, 28.2359375, 28.60234375, 28.14140625, 28.0734375, 27.21328125, 27.52890625, 27.72265625, 27.2484375, 28.5703125, 28.52109375, 28.93125, 27.60625, 28.01875, 27.78828125, 27.75390625, 27.85703125, 27.8875, 28.33515625, 28.240625, 27.2390625, 27.615625, 27.36953125, 28.38984375, 27.59375, 27.4828125, 28.4171875, 27.89375, 27.39453125, 27.77578125, 27.303125]",1795766b2e9327484a603d727b963daac5e97bdd1419a59d1fd7afd0e2c372e7
alternative_a_cross_b,alternative_a_cross_b,0,7,alternative_a_p1.0_r07,selective_p1.0_r07,alternative_a_cross_b_p1.0_r07,1.0,topology_11,2026073104,selective_p1.0_r07|1,m001_balanced_random_group,74484e9508b33b029e993a9e9ccafe4f01d96055374e557f6aa5a37d25bd9c9f,balanced_random_group,intermediate,2,0.006686967483867778,0.3044613632378201,1,27.932269965277776,"[27.896875, 28.29609375, 27.72890625, 28.63984375, 27.85, 27.2953125, 28.10390625, 28.59140625, 28.246875, 28.09921875, 27.2953125, 27.55234375, 27.84921875, 27.18984375, 28.57734375, 28.64921875, 29.02265625, 27.78046875, 28.0875, 27.825, 27.9296875, 27.79296875, 27.9234375, 28.39453125, 28.29765625, 27.14609375, 27.553125, 27.37890625, 28.43359375, 27.75390625, 27.475, 28.5203125, 27.90546875, 27.5046875, 27.703125, 27.271875]",f4b95c5f6a992a954a0d5d1a61b09acefb2b03b29e570405f933833d459b1137
alternative_a_cross_b,alternative_a_cross_b,0,7,alternative_a_p1.0_r07,selective_p1.0_r07,alternative_a_cross_b_p1.0_r07,1.0,topology_11,2026073104,selective_p1.0_r07|1,m002_balanced_random_group,e96a93c5fa6154fe18dcd30eb7bdbc3a6e3320a989da83ae67372a9adf58cbba,balanced_random_group,intermediate,4,0.03275560395761037,0.3044613632378201,1,27.717144097222228,"[27.81875, 28.05625, 27.50546875, 28.33671875, 27.359375, 27.2625, 28.025, 28.39453125, 27.83828125, 27.93984375, 27.10625, 27.5046875, 27.4921875, 27.021875, 28.58984375, 28.3453125, 28.41328125, 27.52890625, 27.89609375, 27.54140625, 27.52421875, 27.43046875, 27.72734375, 27.90234375, 28.15546875, 27.0609375, 27.30546875, 27.4640625, 28.14375, 27.54765625, 27.41875, 28.42578125, 27.71953125, 27.33671875, 27.3765625, 27.3015625]",9c98d28f8e5018605ba45ec187fe2ba1d1b46082d7b465ff08a16318f75b1af4
alternative_a_cross_b,alternative_a_cross_b,0,7,alternative_a_p1.0_r07,selective_p1.0_r07,alternative_a_cross_b_p1.0_r07,1.0,topology_11,2026073104,selective_p1.0_r07|1,m003_balanced_random_group,14f0105f9e20916e897f4df17fdec0d896085dd5f5320e129bc322820142f8a6,balanced_random_group,intermediate,8,0.05935730865796329,0.3044613632378201,1,27.856119791666668,"[27.68671875, 28.225, 27.49921875, 28.53984375, 27.77109375, 27.28203125, 28.146875, 28.6203125, 27.9390625, 28.0609375, 27.30078125, 27.63359375, 27.8890625, 27.228125, 28.3921875, 28.71171875, 28.70390625, 27.70078125, 27.66015625, 27.44609375, 27.934375, 27.75390625, 27.78828125, 28.30859375, 28.18203125, 27.19921875, 27.3890625, 27.32578125, 28.1671875, 27.596875, 27.51171875, 28.425, 27.9578125, 27.62421875, 27.6359375, 27.5828125]",fd887a1578949d7bb0981e46b206f46533d1c765094f7c50d9854285dc61afd9
alternative_a_cross_b,alternative_a_cross_b,0,7,alternative_a_p1.0_r07,selective_p1.0_r07,alternative_a_cross_b_p1.0_r07,1.0,topology_11,2026073104,selective_p1.0_r07|1,m004_balanced_random_group,bb2ba2d5c103ddf6a98d341d94ebe51e88d622a6cb807898cdf9fd63b491a80f,balanced_random_group,intermediate,16,0.126753197472528,0.3044613632378201,1,28.090885416666666,"[28.11640625, 28.39140625, 28.009375, 28.6375, 27.66484375, 27.3625, 28.42109375, 28.73671875, 28.2765625, 28.32578125, 27.32734375, 27.80234375, 28.18515625, 27.51796875, 28.58984375, 28.771875, 29.09140625, 28.17734375, 28.0328125, 27.86640625, 27.81640625, 27.34921875, 28.24609375, 28.50859375, 28.66171875, 27.78828125, 27.878125, 27.80703125, 28.4578125, 27.90390625, 27.7359375, 28.43046875, 27.90390625, 27.98671875, 27.89140625, 27.6015625]",f7410b0554a1c789bb60a46eb5bd5515f260477aadc89567d6b885b20b4f74d8
alternative_a_cross_b,alternative_a_cross_b,0,7,alternative_a_p1.0_r07,selective_p1.0_r07,alternative_a_cross_b_p1.0_r07,1.0,topology_11,2026073104,selective_p1.0_r07|1,m005_balanced_random_group,c65bd191d1da1176a8030b84146455e1d1f9bf63bb8d4993a72ab07906c80b78,balanced_random_group,intermediate,32,0.18609672552897666,0.3044613632378201,1,27.861588541666666,"[27.84296875, 28.02109375, 27.8828125, 28.5953125, 27.5890625, 27.20546875, 28.228125, 28.6015625, 27.6390625, 27.9703125, 27.1921875, 27.74296875, 27.54921875, 27.01953125, 28.4125, 28.67421875, 28.4078125, 27.76796875, 27.71015625, 27.615625, 27.55625, 27.60703125, 27.82109375, 28.325, 28.66796875, 27.384375, 27.81171875, 27.5484375, 28.1625, 27.678125, 27.865625, 28.3359375, 27.8390625, 27.62734375, 27.54609375, 27.57265625]",2b4f15f84b4e03e04b9e1c312186d9603be3d839ed5690ef176a2fbbb95c68fa
alternative_a_cross_b,alternative_a_cross_b,0,7,alternative_a_p1.0_r07,selective_p1.0_r07,alternative_a_cross_b_p1.0_r07,1.0,topology_11,2026073104,selective_p1.0_r07|1,m006_balanced_random_group,54146794238237c8e13f9205ac93004ce5acfdbc51f3cd9b991ee15e2a36f684,balanced_random_group,intermediate,64,0.2314472024115023,0.3044613632378201,1,29.24782986111111,"[28.40703125, 29.1265625, 28.86484375, 29.4828125, 28.575, 28.2484375, 29.26875, 29.61640625, 28.93828125, 29.1234375, 28.63359375, 28.63203125, 28.5625, 28.54609375, 30.1640625, 29.8859375, 30.09453125, 29.1515625, 29.703125, 29.55546875, 29.13671875, 29.07109375, 29.2875, 30.02890625, 29.59765625, 28.6921875, 29.5359375, 29.0328125, 29.65859375, 29.34453125, 29.4625, 30.0859375, 29.3296875, 29.5, 29.3140625, 29.26328125]",5cbcb9786906172f9bb708dfbbbbf7a109e7c16aae202eb162514a1fb64a5979
alternative_a_cross_b,alternative_a_cross_b,0,7,alternative_a_p1.0_r07,selective_p1.0_r07,alternative_a_cross_b_p1.0_r07,1.0,topology_11,2026073104,selective_p1.0_r07|1,m007_balanced_random_group,e179435da112ea8d971ae26891de689741e68338ddf13a7241197cfbaded0b83,balanced_random_group,intermediate,128,0.2738289588403555,0.3044613632378201,1,30.21707899305556,"[29.42890625, 30.41484375, 29.91875, 30.4828125, 29.778125, 29.2578125, 30.7765625, 30.1046875, 30.11328125, 29.93984375, 29.2, 30.15703125, 30.50234375, 29.3734375, 31.03671875, 30.30078125, 31.13515625, 30.4140625, 30.46875, 30.1359375, 30.18828125, 29.8484375, 30.5671875, 30.89140625, 30.6328125, 29.53359375, 30.40390625, 30.0921875, 30.6796875, 30.3046875, 30.28203125, 30.57734375, 30.5875, 30.22265625, 29.9421875, 30.12109375]",33096acc08dc0c30b4a2b7c05ac94e548b70d293820bae579053fd74652b9795
alternative_a_cross_b,alternative_a_cross_b,0,7,alternative_a_p1.0_r07,selective_p1.0_r07,alternative_a_cross_b_p1.0_r07,1.0,topology_11,2026073104,selective_p1.0_r07|1,m008_balanced_random_group,e471d7c08820922fc6c21006a6b4685c49e9368d31cd4fbe021c3167456046e0,balanced_random_group,intermediate,256,0.28376296411598184,0.3044613632378201,1,32.24116753472222,"[31.509375, 32.13125, 32.365625, 32.5703125, 31.8015625, 31.32421875, 32.12890625, 31.93515625, 31.88125, 32.37734375, 31.81953125, 32.315625, 33.20859375, 31.40546875, 32.5828125, 32.5515625, 33.15078125, 32.621875, 32.48046875, 31.84765625, 32.35078125, 32.45703125, 31.878125, 33.20703125, 32.95234375, 32.26171875, 32.27265625, 31.840625, 32.15, 31.7734375, 32.209375, 32.63671875, 32.1359375, 32.37578125, 32.2875, 31.88359375]",5478f16ce6db5fa11652835f797944ad9e7367c5e0644bd41d3ce19c4a3c09ce
alternative_a_cross_b,alternative_a_cross_b,0,7,alternative_a_p1.0_r07,selective_p1.0_r07,alternative_a_cross_b_p1.0_r07,1.0,topology_11,2026073104,selective_p1.0_r07|1,m009_balanced_random_group,3394d1cdf22e9723777f99c632a137ebcd7b9bff50e9406fa9f5a34da26ac720,balanced_random_group,intermediate,512,0.29591095068097584,0.3044613632378201,1,32.350976562499994,"[30.2390625, 30.82578125, 30.884375, 30.7765625, 30.6421875, 30.90078125, 32.3140625, 32.04140625, 31.70390625, 32.06484375, 32.115625, 32.36640625, 32.12109375, 31.8140625, 32.684375, 32.2796875, 32.690625, 32.3125, 32.21015625, 32.3515625, 32.659375, 32.59140625, 32.41796875, 33.415625, 33.31796875, 32.36015625, 32.5640625, 33.05078125, 33.421875, 32.884375, 32.975, 33.2609375, 33.6375, 33.1453125, 33.86640625, 33.72734375]",199ad016a6ba0517aea46f2f9910ea2dbadf7e1b1645f66e1b42b47194d995dc
alternative_a_cross_b,alternative_a_cross_b,0,7,alternative_a_p1.0_r07,selective_p1.0_r07,alternative_a_cross_b_p1.0_r07,1.0,topology_11,2026073104,selective_p1.0_r07|1,m010_affinity_rank_group,3f53151fb2f814971fd6c0128c5c0b7afe1b5cb5257e46a1db18b8ebc9946d94,affinity_rank_group,intermediate,2,0.012209277302059673,0.3044613632378201,1,27.902604166666663,"[27.91328125, 28.2578125, 27.7078125, 28.53203125, 27.7375, 27.34453125, 28.23984375, 28.5953125, 28.24453125, 28.1203125, 27.253125, 27.60390625, 27.7609375, 27.2359375, 28.49453125, 28.559375, 28.8890625, 27.64921875, 27.91171875, 27.89375, 27.85625, 27.78671875, 27.98125, 28.34765625, 28.2234375, 27.27734375, 27.59140625, 27.325, 28.38125, 27.5828125, 27.58828125, 28.390625, 27.8625, 27.3203125, 27.71796875, 27.31640625]",3d0b49e264b1b09b40495cb30c3d30a61e53917fd1b450cabfa04e9029ec47e0
alternative_a_cross_b,alternative_a_cross_b,0,7,alternative_a_p1.0_r07,selective_p1.0_r07,alternative_a_cross_b_p1.0_r07,1.0,topology_11,2026073104,selective_p1.0_r07|1,m011_affinity_rank_group,92e56b0f11cdce879476507882d715f1eecc12de134fc3982530e28ffd4eba29,affinity_rank_group,intermediate,4,0.03272078836776773,0.3044613632378201,1,27.874696180555553,"[27.87265625, 28.22265625, 27.8140625, 28.49453125, 27.728125, 27.309375, 28.26171875, 28.54453125, 28.3484375, 28.07421875, 27.2078125, 27.47578125, 27.67109375, 27.2546875, 28.43828125, 28.46484375, 28.89140625, 27.56171875, 27.7828125, 27.89375, 27.78515625, 27.67734375, 27.86796875, 28.2515625, 28.19296875, 27.1859375, 27.7171875, 27.5125, 28.19921875, 27.64609375, 27.50078125, 28.353125, 27.91328125, 27.3390625, 27.7625, 27.271875]",11928f4b654ccfb21686242c14527c08bfa84bd8b2c7455ff0516668c33f7016
alternative_a_cross_b,alternative_a_cross_b,0,7,alternative_a_p1.0_r07,selective_p1.0_r07,alternative_a_cross_b_p1.0_r07,1.0,topology_11,2026073104,selective_p1.0_r07|1,m012_affinity_rank_group,0a19adabdd017fc722384804e89caf4ecf35837689486f63c24094087da5c2ba,affinity_rank_group,intermediate,8,0.07169425191874151,0.3044613632378201,1,27.89431423611111,"[28.0359375, 28.359375, 27.92109375, 28.3734375, 27.7484375, 27.190625, 28.27421875, 28.453125, 28.05859375, 28.10234375, 27.23203125, 27.66015625, 27.75390625, 27.33671875, 28.3640625, 28.5109375, 28.87421875, 27.6734375, 28.01953125, 27.925, 27.81953125, 27.67109375, 28.034375, 28.18125, 28.446875, 27.234375, 27.590625, 27.42890625, 28.284375, 27.565625, 27.58828125, 28.4, 27.84921875, 27.26171875, 27.6109375, 27.3609375]",520c4ee10607a945c46c11c414c6320aa8d1e0e4c6da4baa8d3be477ea1c1e55
alternative_a_cross_b,alternative_a_cross_b,0,7,alternative_a_p1.0_r07,selective_p1.0_r07,alternative_a_cross_b_p1.0_r07,1.0,topology_11,2026073104,selective_p1.0_r07|1,m013_affinity_rank_group,d176c8d0ee881709b5af7061b49578d8041bef9dde73ceb9e47e4dd86f7ee987,affinity_rank_group,intermediate,16,0.12100720289738194,0.3044613632378201,1,28.077690972222218,"[28.24765625, 28.53046875, 27.90859375, 28.56875, 27.73359375, 27.2328125, 28.44921875, 28.75625, 28.3703125, 28.35703125, 27.58828125, 27.6140625, 28.03515625, 27.57265625, 28.83671875, 28.7578125, 29.1421875, 28.1703125, 28.19765625, 27.75859375, 28.00390625, 27.9328125, 28.08515625, 28.64296875, 28.53359375, 27.2375, 28.00390625, 27.51328125, 28.4296875, 27.6625, 27.84296875, 28.23515625, 27.96875, 27.3390625, 27.75390625, 27.78359375]",e5ca33fc3cc093832df8fdeeb4e753d73fb7c05837623ac140c6c6f9d2204bac
alternative_a_cross_b,alternative_a_cross_b,0,7,alternative_a_p1.0_r07,selective_p1.0_r07,alternative_a_cross_b_p1.0_r07,1.0,topology_11,2026073104,selective_p1.0_r07|1,m014_affinity_rank_group,a08bb91ec0e66d0b3afe5332032fd3fb6769016bc04c2710b5e01a8e599df454,affinity_rank_group,intermediate,32,0.19644733966939776,0.3044613632378201,1,28.152083333333334,"[28.15703125, 28.3546875, 28.08671875, 28.709375, 28.07421875, 27.0609375, 28.81015625, 28.86640625, 28.48359375, 28.31875, 27.54453125, 27.88125, 28.06328125, 27.309375, 28.86484375, 28.73515625, 29.1546875, 28.25859375, 28.25, 28.1421875, 28.39609375, 27.84296875, 27.94140625, 28.8859375, 28.821875, 27.12421875, 28.16015625, 27.8046875, 28.4578125, 27.97734375, 27.63515625, 28.6640625, 28.03984375, 27.26640625, 27.62265625, 27.70859375]",67aed3316fab8b0a473e2e5948ed3ec96273c66ef3dbaa155325366ec91252fc
alternative_a_cross_b,alternative_a_cross_b,0,7,alternative_a_p1.0_r07,selective_p1.0_r07,alternative_a_cross_b_p1.0_r07,1.0,topology_11,2026073104,selective_p1.0_r07|1,m015_affinity_rank_group,6ac4e014d135d7a7fbd4592fdf320f48570dc4bce5e1a5c2ca6054715b80f98a,affinity_rank_group,intermediate,64,0.25288609996856787,0.3044613632378201,1,28.564822048611113,"[27.99921875, 28.13203125, 28.159375, 29.184375, 28.628125, 27.790625, 28.89140625, 28.97890625, 28.45625, 28.32578125, 28.08515625, 28.1859375, 28.52421875, 27.94296875, 29.2421875, 29.51484375, 29.41953125, 28.19609375, 28.44921875, 28.559375, 28.73828125, 28.62578125, 28.8828125, 29.23828125, 29.13203125, 27.715625, 28.56953125, 28.30625, 29.0234375, 28.453125, 28.43046875, 29.0328125, 28.64296875, 28.3328125, 28.20703125, 28.33671875]",ab1319883c60aac2f1c3b26f0f1d169081cbae420d94fd2a99bd4abf42ce7608
alternative_a_cross_b,alternative_a_cross_b,0,7,alternative_a_p1.0_r07,selective_p1.0_r07,alternative_a_cross_b_p1.0_r07,1.0,topology_11,2026073104,selective_p1.0_r07|1,m016_affinity_rank_group,4c0d0a036a5c51abb14f88b143c35a9a2e7cecb590d4d0752b078fe3b59a18dd,affinity_rank_group,intermediate,128,0.27413212280620336,0.3044613632378201,1,30.68875868055556,"[29.49375, 30.09375, 30.3171875, 30.9078125, 30.19921875, 29.6109375, 30.80390625, 30.71328125, 30.34375, 30.40390625, 29.9796875, 30.3875, 30.98828125, 30.228125, 31.29453125, 31.58984375, 31.503125, 30.525, 30.60390625, 30.84921875, 30.0078125, 30.6234375, 30.58984375, 31.2328125, 31.4515625, 30.27421875, 30.48984375, 30.77109375, 31.05859375, 30.8640625, 30.54140625, 31.44296875, 31.053125, 31.1671875, 31.05703125, 31.33359375]",c14e040c6a3db02a86c19296607768ef19c1d3e04d982471a5b40a333889f817
alternative_a_cross_b,alternative_a_cross_b,0,7,alternative_a_p1.0_r07,selective_p1.0_r07,alternative_a_cross_b_p1.0_r07,1.0,topology_11,2026073104,selective_p1.0_r07|1,m017_affinity_rank_group,cf78b05538711825e0795152b13c3d2c15b5cd16f89c1995f7b006d8bc57c6a2,affinity_rank_group,intermediate,256,0.2860615926741774,0.3044613632378201,1,31.73821614583333,"[30.69296875, 31.1359375, 31.7828125, 31.49296875, 30.9453125, 30.95234375, 31.8125, 31.85703125, 31.43359375, 31.371875, 30.68203125, 31.63515625, 31.82265625, 30.20703125, 31.27578125, 32.328125, 32.57421875, 31.8640625, 32.0875, 31.34609375, 31.659375, 31.75703125, 32.0125, 32.72890625, 32.9203125, 31.55390625, 32.34296875, 32.1140625, 32.67421875, 31.8015625, 31.328125, 32.34140625, 32.2203125, 31.875, 32.17421875, 31.771875]",2f141ba3816be168f708d7c0a412032704f0f1673910b535fd5d22d3f8a027ef
alternative_a_cross_b,alternative_a_cross_b,0,7,alternative_a_p1.0_r07,selective_p1.0_r07,alternative_a_cross_b_p1.0_r07,1.0,topology_11,2026073104,selective_p1.0_r07|1,m018_affinity_rank_group,24a6acb87a7364b0b1cbbe6fecc84df53e5243c78a06a6c6c4e7354b3e359435,affinity_rank_group,intermediate,512,0.29831637464558697,0.3044613632378201,1,32.26575520833334,"[31.059375, 31.83671875, 32.1546875, 31.7328125, 31.8171875, 31.56484375, 33.0875, 32.67109375, 31.9203125, 31.65546875, 32.19609375, 32.3328125, 32.30546875, 32.0046875, 32.465625, 32.559375, 33.00078125, 32.20625, 32.278125, 31.88203125, 31.78515625, 32.14375, 32.4953125, 32.33203125, 32.81796875, 31.72734375, 32.51796875, 32.33515625, 33.14921875, 32.528125, 32.46328125, 33.00625, 32.5234375, 32.2671875, 32.525, 32.21875]",1c6b8e2c989c8e4d10db8dea61b37710e15c9d80466727cb95b440502133ae99
alternative_a_cross_b,alternative_a_cross_b,0,7,alternative_a_p1.0_r07,selective_p1.0_r07,alternative_a_cross_b_p1.0_r07,1.0,topology_11,2026073104,selective_p1.0_r07|1,m019_contiguous_substring,16cfd655e57fba08a658c1d50e1fe5976b2f905eee09ec260833cfb2b49d6f38,contiguous_substring,intermediate,4,0.028046116282886665,0.3044613632378201,1,27.650737847222224,"[27.7125, 28.06015625, 27.365625, 28.3984375, 27.353125, 26.98359375, 27.99453125, 28.3734375, 27.77890625, 27.83828125, 26.97109375, 27.4328125, 27.38984375, 27.09140625, 28.26953125, 28.215625, 28.49609375, 27.48828125, 27.5328125, 27.59140625, 27.62734375, 27.56796875, 27.59296875, 28.12734375, 28.2015625, 27.07265625, 27.20546875, 27.25390625, 28.06328125, 27.4875, 27.36328125, 28.31015625, 27.51796875, 27.2890625, 27.40078125, 27.0078125]",f4dbcae3671a1995301bc18f1aa36026939421ab8b3893ddd9953770b2ff81fe
alternative_a_cross_b,alternative_a_cross_b,0,7,alternative_a_p1.0_r07,selective_p1.0_r07,alternative_a_cross_b_p1.0_r07,1.0,topology_11,2026073104,selective_p1.0_r07|1,m020_contiguous_substring,6fb076d21f3b26febc2e6a328628b3ea581ce0709de4263bbe675d61bdb74942,contiguous_substring,intermediate,4,0.04180940445214847,0.3044613632378201,1,28.13658854166667,"[28.18203125, 28.5484375, 28.13828125, 28.75390625, 27.8640625, 27.65703125, 28.3984375, 28.76875, 28.175, 28.1453125, 27.446875, 27.9109375, 28.03125, 27.4, 28.63515625, 28.70390625, 29.16640625, 27.88515625, 28.24921875, 28.06953125, 28.19609375, 28.178125, 28.1015625, 28.49921875, 28.66015625, 27.47109375, 27.85859375, 27.73515625, 28.6671875, 27.98828125, 27.678125, 28.69609375, 27.95, 27.6375, 27.83828125, 27.63203125]",70b62567acf90ac14aacbf1ddf025af7d75128738f9541959d63678229b56525
alternative_a_cross_b,alternative_a_cross_b,0,7,alternative_a_p1.0_r07,selective_p1.0_r07,alternative_a_cross_b_p1.0_r07,1.0,topology_11,2026073104,selective_p1.0_r07|1,m021_contiguous_substring,3ac98b3bd2edbbfc3b4339ca0066047ccba8e1cfa0ce798acbd27bab5b87d8af,contiguous_substring,intermediate,4,0.03191016532295493,0.3044613632378201,1,27.835633680555553,"[27.8859375, 28.196875, 27.49921875, 28.5046875, 27.69765625, 27.271875, 28.0703125, 28.68828125, 27.8, 28.10625, 27.1125, 27.58828125, 27.7375, 27.0484375, 28.3078125, 28.51328125, 28.66875, 27.5140625, 27.68046875, 27.79609375, 27.70234375, 27.89375, 27.9296875, 28.43515625, 28.3421875, 27.0734375, 27.4890625, 27.21015625, 28.37421875, 27.60703125, 27.615625, 28.3921875, 27.97578125, 27.41640625, 27.6078125, 27.3296875]",16fdd7f6c175996654ce27b59a9e577cecb053714e1a33e66bfa42d14f076b12
alternative_a_cross_b,alternative_a_cross_b,0,7,alternative_a_p1.0_r07,selective_p1.0_r07,alternative_a_cross_b_p1.0_r07,1.0,topology_11,2026073104,selective_p1.0_r07|1,m022_contiguous_substring,fc015e86e4e7f2c734c05fb1135856a6186a7b6e6f3079acc6d6c6e4aa7442e4,contiguous_substring,intermediate,4,0.035227895668371395,0.3044613632378201,1,27.91831597222222,"[27.7625, 28.31328125, 27.64921875, 28.63203125, 27.8, 27.425, 28.18515625, 28.6546875, 28.21796875, 28.14921875, 27.24921875, 27.54921875, 27.78828125, 27.23515625, 28.51953125, 28.58984375, 28.78984375, 27.6125, 27.8984375, 27.78984375, 27.7921875, 27.91796875, 27.97890625, 28.4015625, 28.37734375, 27.2484375, 27.59453125, 27.4515625, 28.4921875, 27.6734375, 27.57421875, 28.37109375, 27.83203125, 27.4078125, 27.78046875, 27.3546875]",fa54509187fd2dde9cb680dc28b2f592915a599cc3a3cbab39197b6de4e51be4
alternative_a_cross_b,alternative_a_cross_b,0,7,alternative_a_p1.0_r07,selective_p1.0_r07,alternative_a_cross_b_p1.0_r07,1.0,topology_11,2026073104,selective_p1.0_r07|1,m023_contiguous_substring,6d8bb74bcdeefe62988bcebfe3cdb7110ea14648c3393721f4a4095032ddf61b,contiguous_substring,intermediate,4,0.021421723507992315,0.3044613632378201,1,27.888563368055557,"[27.75078125, 28.26171875, 27.56796875, 28.5390625, 27.6859375, 27.2203125, 28.24921875, 28.7015625, 28.1984375, 28.134375, 27.196875, 27.41640625, 27.71484375, 27.315625, 28.5015625, 28.6484375, 28.95859375, 27.5125, 27.8515625, 27.85078125, 27.8203125, 27.89296875, 27.89609375, 28.43515625, 28.14453125, 27.20546875, 27.63359375, 27.45703125, 28.4171875, 27.65, 27.50234375, 28.40390625, 27.90078125, 27.39453125, 27.56484375, 27.39296875]",e60deb8d1f9a74189c308bbee222631bd561c1e850966991826944860096b9e6
alternative_a_cross_b,alternative_a_cross_b,0,7,alternative_a_p1.0_r07,selective_p1.0_r07,alternative_a_cross_b_p1.0_r07,1.0,topology_11,2026073104,selective_p1.0_r07|1,m024_contiguous_substring,94ab69bff5420fbcf4c18d7a247ef0e4b9577d1295271abf78a62f51c3b59a0f,contiguous_substring,intermediate,16,0.12950094435480988,0.3044613632378201,1,28.098090277777782,"[28.12421875, 28.25546875, 27.62421875, 28.4328125, 27.6578125, 27.28359375, 28.48515625, 28.51171875, 28.090625, 27.84765625, 27.45234375, 27.8640625, 28.09140625, 27.43359375, 28.625, 28.78203125, 29.1234375, 28.05234375, 27.91328125, 28.134375, 28.18828125, 27.89921875, 28.20234375, 28.5671875, 28.9109375, 27.45625, 27.93203125, 27.58671875, 28.75078125, 28.28359375, 27.8953125, 28.62109375, 27.9734375, 27.81953125, 27.8328125, 27.8265625]",ba8faf6c84ae2e9510277a15886ce74f905cae0c6252b1fb9282e23200aa0af4
alternative_a_cross_b,alternative_a_cross_b,0,7,alternative_a_p1.0_r07,selective_p1.0_r07,alternative_a_cross_b_p1.0_r07,1.0,topology_11,2026073104,selective_p1.0_r07|1,m025_contiguous_substring,ae330f3e6dd51f734f790820a896827f916e8d775c69ea1f205c55aa81507fe0,contiguous_substring,intermediate,16,0.11672594898263058,0.3044613632378201,1,28.14405381944444,"[28.23828125, 28.59609375, 27.92734375, 28.5921875, 28.059375, 27.32109375, 28.5234375, 28.7515625, 28.1671875, 28.303125, 27.328125, 28.16796875, 28.209375, 27.16875, 28.5703125, 28.596875, 29.06171875, 27.653125, 28.08203125, 28.15625, 28.18046875, 28.0609375, 28.2609375, 28.671875, 28.58828125, 27.57109375, 27.9203125, 28.0234375, 28.53046875, 28.25703125, 27.98125, 28.87734375, 27.8921875, 27.6015625, 27.76484375, 27.5296875]",656893e09a32ca00b6505c17392e2456a2f8dbb32995590fec6bbc288a62fae8
alternative_a_cross_b,alternative_a_cross_b,0,7,alternative_a_p1.0_r07,selective_p1.0_r07,alternative_a_cross_b_p1.0_r07,1.0,topology_11,2026073104,selective_p1.0_r07|1,m026_contiguous_substring,5d3c5ea59a3a81c2ffdcfc7029fe0ab078b39be0217f1ee2611101845014273b,contiguous_substring,intermediate,16,0.11909838293344774,0.3044613632378201,1,28.064453125,"[27.83671875, 28.17890625, 27.63125, 28.440625, 28.1109375, 27.271875, 28.1015625, 28.64765625, 28.1546875, 28.33671875, 27.3859375, 27.78515625, 27.96015625, 27.59453125, 28.6640625, 28.9421875, 29.18203125, 28.0265625, 27.9421875, 27.859375, 28.46796875, 28.24609375, 28.2515625, 28.55859375, 28.6109375, 27.39921875, 27.88828125, 27.78125, 28.20546875, 27.74453125, 27.61640625, 28.32109375, 27.9, 27.71640625, 27.803125, 27.75625]",bef989076935b12aaad98022550a845043d28530f126473417187b044e8a203a
alternative_a_cross_b,alternative_a_cross_b,0,7,alternative_a_p1.0_r07,selective_p1.0_r07,alternative_a_cross_b_p1.0_r07,1.0,topology_11,2026073104,selective_p1.0_r07|1,m027_contiguous_substring,6edfbfdb62fbf79744d4ecfb6fe43de95b2133d87a10f24061ecc84297b1c267,contiguous_substring,intermediate,16,0.12299202364436038,0.3044613632378201,1,27.621571180555552,"[27.6625, 27.98046875, 27.309375, 28.1875, 27.76640625, 26.9625, 27.934375, 28.02265625, 27.76484375, 27.5953125, 26.83203125, 27.42578125, 27.5546875, 26.7859375, 28.03671875, 28.1109375, 28.57265625, 27.3328125, 27.63046875, 27.43515625, 27.62265625, 27.725, 27.75859375, 28.23671875, 28.10703125, 26.93828125, 27.521875, 27.1203125, 28.3484375, 27.30625, 27.36328125, 28.30078125, 27.4171875, 27.11640625, 27.3671875, 27.2234375]",723e3da69d4111b82d6e9396488a94b23e4b24e425df00713141beb3f887eb6f
alternative_a_cross_b,alternative_a_cross_b,0,7,alternative_a_p1.0_r07,selective_p1.0_r07,alternative_a_cross_b_p1.0_r07,1.0,topology_11,2026073104,selective_p1.0_r07|1,m028_contiguous_substring,6f9a04216ce84ed3a2ef19a2010723c498d866f2bb5d6eda67ea1bd16782bfd8,contiguous_substring,intermediate,64,0.22449887435776944,0.3044613632378201,1,28.56467013888889,"[28.36484375, 28.78203125, 28.546875, 29.1640625, 28.33984375, 27.96796875, 29.071875, 28.825, 28.74921875, 28.48359375, 28.0046875, 28.3671875, 28.40390625, 27.92578125, 29.00859375, 29.2015625, 29.2796875, 28.36875, 28.43515625, 28.59375, 27.99296875, 28.28046875, 28.49453125, 29.18046875, 29.26875, 27.9375, 28.13671875, 28.44296875, 28.98203125, 28.2390625, 28.3875, 29.07890625, 28.41953125, 28.89453125, 28.41640625, 28.29140625]",641cfce2f55048cf7ba3b1b28bb9823f2b1bf79c0600bb123f1e06ddd4f45a5b
alternative_a_cross_b,alternative_a_cross_b,0,7,alternative_a_p1.0_r07,selective_p1.0_r07,alternative_a_cross_b_p1.0_r07,1.0,topology_11,2026073104,selective_p1.0_r07|1,m029_contiguous_substring,8d4ddfbfac0226f6a695d6b22ee21fbf533251852e95baca71b09f7710bfb22c,contiguous_substring,intermediate,64,0.2152069082823373,0.3044613632378201,1,28.913433159722224,"[28.64453125, 29.20390625, 28.490625, 29.3046875, 28.671875, 28.2953125, 28.9453125, 29.16484375, 29.00859375, 28.8453125, 28.884375, 29.12734375, 28.95390625, 28.3921875, 29.709375, 29.4109375, 29.803125, 28.928125, 28.909375, 28.8640625, 28.72890625, 28.421875, 29.37265625, 29.3671875, 29.421875, 27.896875, 28.46484375, 28.9765625, 29.47734375, 28.85234375, 28.759375, 29.45546875, 28.84453125, 28.4, 28.4515625, 28.434375]",ad20a5641a4291144a86a82f6214903ba532dd986b2c5524390c8a54a8b7f7e3
alternative_a_cross_b,alternative_a_cross_b,0,7,alternative_a_p1.0_r07,selective_p1.0_r07,alternative_a_cross_b_p1.0_r07,1.0,topology_11,2026073104,selective_p1.0_r07|1,m030_contiguous_substring,6ff19e1927dcafbb441ab0b4a0a61b92d1295d402f3277307a3f5b9d7850b98a,contiguous_substring,intermediate,64,0.2082516533935148,0.3044613632378201,1,28.478125000000002,"[27.7, 28.53046875, 27.5875, 28.40625, 27.9375, 27.3265625, 28.5296875, 28.8359375, 28.35078125, 28.4296875, 27.75546875, 28.41796875, 28.5609375, 28.15859375, 28.953125, 29.4453125, 29.3578125, 28.1765625, 28.846875, 28.14296875, 29.125, 28.47421875, 28.865625, 28.91953125, 29.1015625, 27.4890625, 28.72734375, 28.234375, 29.21640625, 28.2, 28.58125, 29.16328125, 28.55625, 28.2453125, 28.25859375, 28.6046875]",5f1a72eb4603a8f697242a8010c195691b5f930920255a79207314e4aeb1ed8d
alternative_a_cross_b,alternative_a_cross_b,0,7,alternative_a_p1.0_r07,selective_p1.0_r07,alternative_a_cross_b_p1.0_r07,1.0,topology_11,2026073104,selective_p1.0_r07|1,m031_contiguous_substring,c824c782df91faee7515c9d811fab43ed5426465074d2e812a5277507d28ae96,contiguous_substring,intermediate,256,0.2720703244735182,0.3044613632378201,1,29.71182725694444,"[29.0875, 29.41171875, 29.2015625, 29.33828125, 29.3125, 28.6359375, 29.74375, 29.896875, 29.50859375, 29.01015625, 29.24375, 29.64609375, 30.146875, 29.30546875, 30.3328125, 30.125, 30.54609375, 29.8515625, 29.459375, 29.56640625, 29.72890625, 30.13515625, 29.8359375, 30.6, 31.0578125, 29.27890625, 29.44296875, 29.90859375, 29.89453125, 29.46640625, 29.5859375, 30.18828125, 30.04375, 29.62265625, 29.646875, 29.81875]",b7a02677d42f6aa0cdf1f12cb1094e3f8332336a955a02bf8b42f370b5e40290
alternative_a_cross_b,alternative_a_cross_b,0,7,alternative_a_p1.0_r07,selective_p1.0_r07,alternative_a_cross_b_p1.0_r07,1.0,topology_11,2026073104,selective_p1.0_r07|1,m032_contiguous_substring,ef835eb9c371f618c6958654a7d25a1df1d12c09a53ecf66f9209fb882a8542d,contiguous_substring,intermediate,256,0.2606333365851267,0.3044613632378201,1,30.333593750000002,"[29.32734375, 30.43984375, 30.465625, 30.59296875, 29.95703125, 29.74765625, 30.7484375, 30.68515625, 29.90859375, 29.86484375, 29.91171875, 30.75703125, 30.19609375, 30.334375, 31.19375, 30.92265625, 31.046875, 30.39765625, 31.3578125, 30.18671875, 30.58203125, 29.88828125, 30.33671875, 30.68359375, 30.44453125, 29.67109375, 30.134375, 30.20078125, 30.48125, 30.31875, 29.89296875, 31.11640625, 30.3046875, 30.1640625, 29.91171875, 29.8359375]",365f339c6f6d3414359f213a1f57033a9ce574a0a5905fc6931b761baa821258
alternative_a_cross_b,alternative_a_cross_b,0,7,alternative_a_p1.0_r07,selective_p1.0_r07,alternative_a_cross_b_p1.0_r07,1.0,topology_11,2026073104,selective_p1.0_r07|1,m033_identity,2f88e9ce00d238e7e011a7b140b413dcad818f1da41a721f914f1af604d0e217,identity,identity,1024,0.3044613632378201,0.3044613632378201,1,35.82981770833334,"[35.34765625, 35.5046875, 36.0515625, 35.65234375, 36.0046875, 35.15703125, 35.49765625, 35.55546875, 35.77890625, 35.26875, 34.94296875, 35.6390625, 35.8765625, 34.7703125, 35.18828125, 35.34921875, 35.45703125, 36.159375, 36.084375, 35.54453125, 36.2140625, 36.746875, 36.40078125, 36.2484375, 36.26171875, 35.6359375, 36.45078125, 36.41171875, 36.19921875, 36.2890625, 35.89765625, 36.39921875, 36.3359375, 36.1375, 35.91875, 35.4953125]",d389c68bebd9d39aa52c9700332136fa8c3d0479eee35fa0ffc45dc124031941
