condition,control_family,realization,seed_block,source_baseline_id,pairing_baseline_replicate,baseline_replicate,selection_strength,evaluation_topology_id,continuation_root_seed,continuation_stream_key,map_id,map_hash,method,endpoint_type,actual_groups,retained_information,baseline_information,continuation_index,viability,mean_fitness_trajectory_json,final_population_hash
alternative_a_cross_b,alternative_a_cross_b,0,14,alternative_a_p1.0_r14,selective_p1.0_r14,alternative_a_cross_b_p1.0_r14,1.0,topology_11,2026073104,selective_p1.0_r14|0,actual,actual,unintervened,actual,1024,0.2824988478295285,0.2824988478295285,0,38.29325086805555,"[35.63671875, 36.3453125, 36.190625, 36.1703125, 36.0, 37.2015625, 37.28828125, 37.3421875, 37.0984375, 37.34375, 37.2765625, 38.09921875, 38.22578125, 37.88203125, 38.93359375, 38.5625, 38.80625, 38.72734375, 39.07265625, 39.0859375, 38.94765625, 39.409375, 39.1609375, 38.99296875, 38.4875, 39.3078125, 39.17734375, 39.02421875, 38.546875, 38.5296875, 38.94296875, 38.8515625, 38.98828125, 39.425, 40.63125, 40.84453125]",ced5d746f6f247f21f13689e59aa950f610a9379af8fb03972c5a6de573075d2
alternative_a_cross_b,alternative_a_cross_b,0,14,alternative_a_p1.0_r14,selective_p1.0_r14,alternative_a_cross_b_p1.0_r14,1.0,topology_11,2026073104,selective_p1.0_r14|0,m000_constant,9f1dcbc35c350d6027f98be0f5c8b43b42ca52b7604459c0c42be3aa88913d47,constant,constant,1,0.0,0.2824988478295285,0,27.70182291666667,"[27.2421875, 27.86796875, 27.46796875, 28.4671875, 26.6234375, 28.24609375, 27.55859375, 26.40390625, 27.72421875, 28.05546875, 27.8890625, 27.84921875, 28.2328125, 28.0046875, 27.6546875, 27.94765625, 27.5375, 27.865625, 27.7734375, 28.67265625, 27.47734375, 28.05, 27.4703125, 27.88515625, 26.70390625, 27.57109375, 27.64921875, 28.4203125, 27.446875, 27.4203125, 27.621875, 27.5171875, 27.15703125, 27.58984375, 27.99296875, 28.2078125]",1820788a2d5c1df457621ea0e0ca7aad878264489f6d473575548ef4f3c3b056
alternative_a_cross_b,alternative_a_cross_b,0,14,alternative_a_p1.0_r14,selective_p1.0_r14,alternative_a_cross_b_p1.0_r14,1.0,topology_11,2026073104,selective_p1.0_r14|0,m001_balanced_random_group,74484e9508b33b029e993a9e9ccafe4f01d96055374e557f6aa5a37d25bd9c9f,balanced_random_group,intermediate,2,0.012578524126065013,0.2824988478295285,0,27.785698784722218,"[27.253125, 27.98828125, 27.471875, 28.63828125, 26.6765625, 28.31796875, 27.6109375, 26.446875, 27.85546875, 28.2046875, 27.8921875, 27.77578125, 28.42109375, 28.18671875, 27.6078125, 28.06640625, 27.6125, 27.92421875, 27.77734375, 28.70234375, 27.4984375, 28.19296875, 27.5859375, 28.07421875, 26.7921875, 27.75703125, 27.65078125, 28.54296875, 27.5625, 27.5046875, 27.67109375, 27.71953125, 27.32421875, 27.76484375, 28.09765625, 28.115625]",5c42d44b5d69f94a1d4a596143d93a22bf8b30b695540ec92074bc7ff7b2a25d
alternative_a_cross_b,alternative_a_cross_b,0,14,alternative_a_p1.0_r14,selective_p1.0_r14,alternative_a_cross_b_p1.0_r14,1.0,topology_11,2026073104,selective_p1.0_r14|0,m002_balanced_random_group,e96a93c5fa6154fe18dcd30eb7bdbc3a6e3320a989da83ae67372a9adf58cbba,balanced_random_group,intermediate,4,0.020427966447244615,0.2824988478295285,0,27.742556423611113,"[26.9203125, 27.94921875, 27.2828125, 28.4, 26.8390625, 28.14765625, 27.58671875, 26.42265625, 27.63125, 27.99296875, 27.790625, 27.8328125, 28.234375, 27.85234375, 27.75390625, 28.08984375, 27.33828125, 27.99609375, 27.77421875, 28.696875, 27.421875, 28.296875, 27.57421875, 28.11953125, 26.90078125, 27.75390625, 27.85390625, 28.4078125, 27.38125, 27.6328125, 27.87734375, 27.83203125, 27.18046875, 27.76328125, 27.86015625, 28.34375]",494bb4de247fe7394bc8ed1ead1337995edebaa034ada0984789bd62780c2e66
alternative_a_cross_b,alternative_a_cross_b,0,14,alternative_a_p1.0_r14,selective_p1.0_r14,alternative_a_cross_b_p1.0_r14,1.0,topology_11,2026073104,selective_p1.0_r14|0,m003_balanced_random_group,14f0105f9e20916e897f4df17fdec0d896085dd5f5320e129bc322820142f8a6,balanced_random_group,intermediate,8,0.06475292857874039,0.2824988478295285,0,27.708832465277776,"[27.02734375, 27.878125, 27.22734375, 28.44765625, 26.6875, 28.359375, 27.678125, 26.278125, 27.53359375, 28.04765625, 27.78671875, 28.00859375, 28.24296875, 27.86015625, 27.6625, 27.84921875, 27.49765625, 27.56328125, 27.63125, 28.75703125, 27.48203125, 28.19609375, 27.4171875, 27.99921875, 26.69140625, 27.89375, 27.5125, 28.5328125, 27.59140625, 27.7140625, 27.70703125, 27.62578125, 27.096875, 27.81015625, 28.07109375, 28.15234375]",9404ff70822aed6305c93ca90f7f8ccaff86ed71b5292c6c6580cd0a47d474a2
alternative_a_cross_b,alternative_a_cross_b,0,14,alternative_a_p1.0_r14,selective_p1.0_r14,alternative_a_cross_b_p1.0_r14,1.0,topology_11,2026073104,selective_p1.0_r14|0,m004_balanced_random_group,bb2ba2d5c103ddf6a98d341d94ebe51e88d622a6cb807898cdf9fd63b491a80f,balanced_random_group,intermediate,16,0.11288162877166406,0.2824988478295285,0,28.227365451388884,"[27.8484375, 28.478125, 27.85546875, 28.9984375, 27.2625, 28.7640625, 28.35546875, 27.07421875, 28.27734375, 28.4125, 28.24375, 28.42265625, 28.58203125, 28.61171875, 28.26328125, 28.17890625, 27.9953125, 28.4078125, 28.18515625, 29.25546875, 27.85625, 28.52265625, 28.0703125, 28.4078125, 27.178125, 28.55703125, 28.1421875, 29.14921875, 27.78515625, 28.06796875, 28.49296875, 28.278125, 27.425, 27.88203125, 28.471875, 28.42578125]",282f5bb330500554b2b3b5dbac6b08537c9301c244a4b0fe90f5f437ccc1da1f
alternative_a_cross_b,alternative_a_cross_b,0,14,alternative_a_p1.0_r14,selective_p1.0_r14,alternative_a_cross_b_p1.0_r14,1.0,topology_11,2026073104,selective_p1.0_r14|0,m005_balanced_random_group,c65bd191d1da1176a8030b84146455e1d1f9bf63bb8d4993a72ab07906c80b78,balanced_random_group,intermediate,32,0.15538411858914697,0.2824988478295285,0,27.886935763888893,"[27.06875, 28.0, 27.5390625, 28.35703125, 26.67109375, 28.384375, 27.56875, 26.4703125, 27.9328125, 28.32578125, 27.93671875, 28.1203125, 28.23671875, 27.72109375, 28.16171875, 28.0859375, 27.73984375, 28.303125, 27.48515625, 29.07734375, 27.646875, 28.728125, 27.60078125, 27.903125, 27.1328125, 27.6640625, 27.7734375, 28.6890625, 27.60390625, 28.0578125, 27.7546875, 28.1046875, 27.27734375, 28.0796875, 28.28203125, 28.4453125]",743bf8e9073739563f73061721d3890dfae453025eb64668a79493491f0cea28
alternative_a_cross_b,alternative_a_cross_b,0,14,alternative_a_p1.0_r14,selective_p1.0_r14,alternative_a_cross_b_p1.0_r14,1.0,topology_11,2026073104,selective_p1.0_r14|0,m006_balanced_random_group,54146794238237c8e13f9205ac93004ce5acfdbc51f3cd9b991ee15e2a36f684,balanced_random_group,intermediate,64,0.20536171832295777,0.2824988478295285,0,29.144986979166667,"[28.71171875, 28.88359375, 29.15234375, 29.828125, 28.1609375, 29.35546875, 29.1046875, 27.9875, 29.221875, 29.28984375, 29.13203125, 29.25390625, 29.29296875, 29.7765625, 29.24453125, 29.70859375, 28.51640625, 29.06484375, 29.15703125, 29.9484375, 28.88515625, 29.46953125, 28.59375, 29.03984375, 28.18828125, 28.88515625, 29.390625, 29.64140625, 29.0890625, 29.3390625, 29.2234375, 29.3734375, 28.725, 28.91796875, 29.69765625, 29.96875]",9ad64e9583543b5e6b763d65a21a7e4ae1765dc7c280154b56f087d58c3d1316
alternative_a_cross_b,alternative_a_cross_b,0,14,alternative_a_p1.0_r14,selective_p1.0_r14,alternative_a_cross_b_p1.0_r14,1.0,topology_11,2026073104,selective_p1.0_r14|0,m007_balanced_random_group,e179435da112ea8d971ae26891de689741e68338ddf13a7241197cfbaded0b83,balanced_random_group,intermediate,128,0.24137911253161884,0.2824988478295285,0,28.777452256944443,"[28.58046875, 28.73828125, 28.41953125, 29.57265625, 28.034375, 29.66015625, 28.6546875, 27.56015625, 29.03828125, 29.14375, 28.81484375, 29.196875, 29.34765625, 29.08515625, 29.06875, 28.81171875, 28.45703125, 28.64765625, 28.3484375, 28.975, 29.0953125, 29.2, 28.39453125, 28.58828125, 28.0125, 28.4140625, 28.20234375, 29.653125, 29.09453125, 28.78125, 28.6265625, 29.08125, 28.27109375, 28.66484375, 29.31171875, 28.44140625]",1c056b79a595bb7624266e89db47bebcb31fd4f7056fc81d60992da0b2ca9c50
alternative_a_cross_b,alternative_a_cross_b,0,14,alternative_a_p1.0_r14,selective_p1.0_r14,alternative_a_cross_b_p1.0_r14,1.0,topology_11,2026073104,selective_p1.0_r14|0,m008_balanced_random_group,e471d7c08820922fc6c21006a6b4685c49e9368d31cd4fbe021c3167456046e0,balanced_random_group,intermediate,256,0.2612101374472052,0.2824988478295285,0,29.86284722222222,"[28.96171875, 29.50625, 29.13046875, 30.5046875, 29.065625, 30.4265625, 29.4578125, 28.41640625, 29.68984375, 29.53828125, 29.4203125, 29.51796875, 30.22734375, 29.78515625, 29.8109375, 29.978125, 29.75078125, 29.51484375, 29.2671875, 30.759375, 30.02578125, 29.87734375, 29.5390625, 29.8359375, 29.18203125, 30.30234375, 29.86484375, 30.78203125, 30.3953125, 30.43046875, 30.834375, 30.7859375, 29.4484375, 30.00390625, 30.853125, 30.171875]",74fc043f490b3f911cf3b21e46044ef1d8828e999e95fa003ca5be123e37dbe2
alternative_a_cross_b,alternative_a_cross_b,0,14,alternative_a_p1.0_r14,selective_p1.0_r14,alternative_a_cross_b_p1.0_r14,1.0,topology_11,2026073104,selective_p1.0_r14|0,m009_balanced_random_group,3394d1cdf22e9723777f99c632a137ebcd7b9bff50e9406fa9f5a34da26ac720,balanced_random_group,intermediate,512,0.27896496381436764,0.2824988478295285,0,32.36679687499999,"[31.5453125, 32.21484375, 32.03046875, 33.178125, 31.84296875, 32.7, 32.7765625, 32.478125, 32.37578125, 32.6796875, 32.24375, 32.71796875, 32.96015625, 33.2828125, 33.1796875, 32.56015625, 32.26953125, 32.0703125, 32.6125, 33.24453125, 32.1875, 33.021875, 31.65, 32.41484375, 31.87265625, 32.00703125, 32.51328125, 33.26796875, 31.66875, 32.03046875, 32.146875, 31.5921875, 31.49140625, 32.1125, 32.13515625, 32.12890625]",0549286b97ff3c918b6334bcb003403b15c83f150cf980ad276a1ee97f1bb268
alternative_a_cross_b,alternative_a_cross_b,0,14,alternative_a_p1.0_r14,selective_p1.0_r14,alternative_a_cross_b_p1.0_r14,1.0,topology_11,2026073104,selective_p1.0_r14|0,m010_affinity_rank_group,3f53151fb2f814971fd6c0128c5c0b7afe1b5cb5257e46a1db18b8ebc9946d94,affinity_rank_group,intermediate,2,0.009224060544822716,0.2824988478295285,0,27.712304687500005,"[27.29375, 27.896875, 27.3859375, 28.47421875, 26.7078125, 28.2765625, 27.5578125, 26.421875, 27.565625, 28.08359375, 27.8578125, 27.8203125, 28.18671875, 28.01171875, 27.575, 28.01171875, 27.51875, 27.9421875, 27.72109375, 28.62265625, 27.46328125, 28.08828125, 27.48828125, 27.91953125, 26.7015625, 27.65234375, 27.709375, 28.528125, 27.4609375, 27.44140625, 27.625, 27.5296875, 27.2875, 27.61796875, 28.00390625, 28.19375]",088e76dc1b8ec5ea92ff630cf4dc421da09f449120f25249077519bebefe402c
alternative_a_cross_b,alternative_a_cross_b,0,14,alternative_a_p1.0_r14,selective_p1.0_r14,alternative_a_cross_b_p1.0_r14,1.0,topology_11,2026073104,selective_p1.0_r14|0,m011_affinity_rank_group,92e56b0f11cdce879476507882d715f1eecc12de134fc3982530e28ffd4eba29,affinity_rank_group,intermediate,4,0.03948312268306056,0.2824988478295285,0,27.657313368055558,"[27.10625, 27.53046875, 27.24296875, 28.3453125, 26.61640625, 28.0953125, 27.440625, 26.359375, 27.69140625, 27.9609375, 27.8328125, 27.58828125, 28.18515625, 28.02734375, 27.47734375, 27.8296875, 27.55859375, 27.7109375, 27.5359375, 28.45234375, 27.4890625, 28.08359375, 27.4671875, 28.03671875, 26.87421875, 27.61796875, 27.60546875, 28.50234375, 27.478125, 27.52890625, 27.5, 27.5734375, 27.2078125, 27.64375, 28.12890625, 28.33828125]",994cf0fde5b573eb8d138d9c8e5dbd4d525a664f9f699d701b6c668a75aff05f
alternative_a_cross_b,alternative_a_cross_b,0,14,alternative_a_p1.0_r14,selective_p1.0_r14,alternative_a_cross_b_p1.0_r14,1.0,topology_11,2026073104,selective_p1.0_r14|0,m012_affinity_rank_group,0a19adabdd017fc722384804e89caf4ecf35837689486f63c24094087da5c2ba,affinity_rank_group,intermediate,8,0.07219533266084174,0.2824988478295285,0,27.976974826388886,"[27.6609375, 28.06796875, 27.67265625, 28.76484375, 27.1734375, 28.6828125, 27.66328125, 26.80546875, 27.98203125, 28.428125, 27.8296875, 28.190625, 28.53046875, 28.41875, 27.834375, 28.32109375, 27.76875, 28.3484375, 27.95546875, 28.85625, 27.7984375, 28.365625, 27.73515625, 28.12265625, 27.05078125, 27.8140625, 27.728125, 28.86328125, 27.65703125, 27.778125, 27.80546875, 27.7359375, 27.32421875, 28.0078125, 28.29453125, 28.134375]",fca99de2163f4e7d95db087e8bd2ee75bb5b6d0bd1b4df1e4869706669aca0c9
alternative_a_cross_b,alternative_a_cross_b,0,14,alternative_a_p1.0_r14,selective_p1.0_r14,alternative_a_cross_b_p1.0_r14,1.0,topology_11,2026073104,selective_p1.0_r14|0,m013_affinity_rank_group,d176c8d0ee881709b5af7061b49578d8041bef9dde73ceb9e47e4dd86f7ee987,affinity_rank_group,intermediate,16,0.12141483907461723,0.2824988478295285,0,28.065950520833336,"[27.5203125, 27.71875, 28.09140625, 28.61328125, 27.18046875, 28.68359375, 27.91171875, 26.69296875, 27.92890625, 28.37578125, 27.975, 28.31171875, 28.5546875, 28.46328125, 28.0375, 28.4375, 28.05859375, 28.25234375, 28.16484375, 28.83125, 27.82734375, 28.453125, 27.634375, 28.41953125, 27.19140625, 28.14453125, 28.01796875, 28.83515625, 27.76328125, 28.0296875, 28.21953125, 28.11875, 27.42265625, 28.10625, 28.328125, 28.05859375]",8e54f24919097a7b1cbc89c792d4a9fe6f2cd7bfc04ad13e758a1eb4de35256d
alternative_a_cross_b,alternative_a_cross_b,0,14,alternative_a_p1.0_r14,selective_p1.0_r14,alternative_a_cross_b_p1.0_r14,1.0,topology_11,2026073104,selective_p1.0_r14|0,m014_affinity_rank_group,a08bb91ec0e66d0b3afe5332032fd3fb6769016bc04c2710b5e01a8e599df454,affinity_rank_group,intermediate,32,0.18154837782358896,0.2824988478295285,0,28.675477430555556,"[27.87109375, 28.04296875, 28.11484375, 28.8265625, 27.94296875, 29.146875, 28.39921875, 27.48203125, 28.34609375, 28.9484375, 28.26953125, 28.86171875, 29.2, 28.83046875, 28.6359375, 29.05390625, 28.22265625, 29.2453125, 28.80859375, 29.646875, 28.5734375, 28.975, 28.4546875, 29.0375, 28.13515625, 28.79765625, 28.57890625, 29.59453125, 28.46875, 28.4765625, 28.88515625, 29.0140625, 28.0890625, 28.9453125, 29.27265625, 29.12265625]",bc1839824612fe2b54fdae5dc8463f6c20e0e1feff966513fdcd3e50b94093ba
alternative_a_cross_b,alternative_a_cross_b,0,14,alternative_a_p1.0_r14,selective_p1.0_r14,alternative_a_cross_b_p1.0_r14,1.0,topology_11,2026073104,selective_p1.0_r14|0,m015_affinity_rank_group,6ac4e014d135d7a7fbd4592fdf320f48570dc4bce5e1a5c2ca6054715b80f98a,affinity_rank_group,intermediate,64,0.21223624393663548,0.2824988478295285,0,29.160481770833332,"[28.0734375, 28.75625, 28.66015625, 29.2078125, 27.7921875, 29.50078125, 29.178125, 28.20390625, 28.690625, 29.16171875, 29.10703125, 29.32109375, 29.371875, 29.3875, 29.0328125, 29.4, 29.07734375, 29.41796875, 28.7890625, 29.646875, 28.7765625, 29.44375, 29.12421875, 29.5484375, 28.4375, 29.3578125, 29.5703125, 29.96171875, 29.06171875, 29.1109375, 29.43984375, 29.68828125, 29.1109375, 29.7734375, 30.00546875, 29.58984375]",790f77cf16177ab9d4eda52cb72f6fc08b4fa293614395f8355281efa7e6cd6b
alternative_a_cross_b,alternative_a_cross_b,0,14,alternative_a_p1.0_r14,selective_p1.0_r14,alternative_a_cross_b_p1.0_r14,1.0,topology_11,2026073104,selective_p1.0_r14|0,m016_affinity_rank_group,4c0d0a036a5c51abb14f88b143c35a9a2e7cecb590d4d0752b078fe3b59a18dd,affinity_rank_group,intermediate,128,0.23684164283295697,0.2824988478295285,0,28.48183593749999,"[27.621875, 28.1875, 28.0234375, 28.85, 26.88046875, 28.946875, 28.209375, 27.4734375, 27.97421875, 28.71796875, 28.0671875, 28.29375, 28.15, 28.48515625, 27.67421875, 28.2109375, 28.396875, 28.4, 28.06640625, 28.5421875, 28.62265625, 28.6078125, 28.77265625, 28.86875, 27.73984375, 29.00546875, 28.59296875, 29.2453125, 28.61484375, 28.7859375, 29.28359375, 29.1859375, 28.83984375, 29.096875, 29.67890625, 29.2328125]",6e06e87911a61e5d4e955d016d4b87b607f855be6ecea2042cad540b5f142533
alternative_a_cross_b,alternative_a_cross_b,0,14,alternative_a_p1.0_r14,selective_p1.0_r14,alternative_a_cross_b_p1.0_r14,1.0,topology_11,2026073104,selective_p1.0_r14|0,m017_affinity_rank_group,cf78b05538711825e0795152b13c3d2c15b5cd16f89c1995f7b006d8bc57c6a2,affinity_rank_group,intermediate,256,0.26122052466183954,0.2824988478295285,0,30.42384982638889,"[29.20390625, 29.80703125, 29.5625, 30.11640625, 29.3375, 30.803125, 30.4875, 29.63828125, 30.0421875, 30.4375, 29.98359375, 30.45390625, 30.60546875, 30.56640625, 30.325, 30.3125, 30.1671875, 30.10546875, 30.46640625, 30.9546875, 30.66328125, 30.67265625, 30.66953125, 30.89140625, 30.02421875, 30.78359375, 30.66796875, 31.17734375, 30.715625, 30.7046875, 30.90703125, 30.17578125, 30.234375, 31.03828125, 31.27421875, 31.28203125]",db9c2652857166e411605ed3bef40c7884eb23fe4fc37c28931ccb8d39889696
alternative_a_cross_b,alternative_a_cross_b,0,14,alternative_a_p1.0_r14,selective_p1.0_r14,alternative_a_cross_b_p1.0_r14,1.0,topology_11,2026073104,selective_p1.0_r14|0,m018_affinity_rank_group,24a6acb87a7364b0b1cbbe6fecc84df53e5243c78a06a6c6c4e7354b3e359435,affinity_rank_group,intermediate,512,0.27832994859806376,0.2824988478295285,0,34.83773871527777,"[33.53125, 33.2703125, 33.259375, 33.93671875, 33.2890625, 34.4671875, 34.4609375, 34.23671875, 34.04140625, 34.04296875, 34.265625, 34.82578125, 35.03828125, 35.39765625, 34.96875, 35.0375, 34.7625, 35.24609375, 35.23203125, 35.62734375, 34.89140625, 35.0703125, 34.8515625, 35.25, 34.484375, 34.9765625, 35.19140625, 35.89609375, 35.48984375, 35.29609375, 35.69453125, 35.20234375, 34.68828125, 35.6359375, 36.521875, 36.08046875]",61b26b59a943ad31f39f86b1b9a70d0743d9b23dca798383172c5949df979a08
alternative_a_cross_b,alternative_a_cross_b,0,14,alternative_a_p1.0_r14,selective_p1.0_r14,alternative_a_cross_b_p1.0_r14,1.0,topology_11,2026073104,selective_p1.0_r14|0,m019_contiguous_substring,16cfd655e57fba08a658c1d50e1fe5976b2f905eee09ec260833cfb2b49d6f38,contiguous_substring,intermediate,4,0.04213874177560195,0.2824988478295285,0,27.830598958333336,"[27.43359375, 28.103125, 27.46015625, 28.66015625, 26.79609375, 28.18671875, 27.62734375, 26.73671875, 27.8875, 28.24140625, 28.19296875, 27.9203125, 28.534375, 28.2390625, 27.8265625, 27.9546875, 27.5234375, 28.04453125, 27.7796875, 28.5359375, 27.52109375, 28.04296875, 27.7375, 27.94375, 26.94140625, 27.85703125, 27.66875, 28.53125, 27.57109375, 27.4625, 27.565625, 27.9234375, 27.1109375, 27.80625, 28.2390625, 28.29453125]",9f00f639aa724b20514b40a7db0baf5d84fb2db4cade93f10da832ea5bdc4843
alternative_a_cross_b,alternative_a_cross_b,0,14,alternative_a_p1.0_r14,selective_p1.0_r14,alternative_a_cross_b_p1.0_r14,1.0,topology_11,2026073104,selective_p1.0_r14|0,m020_contiguous_substring,6fb076d21f3b26febc2e6a328628b3ea581ce0709de4263bbe675d61bdb74942,contiguous_substring,intermediate,4,0.029453336859228706,0.2824988478295285,0,27.738498263888893,"[27.3390625, 27.9359375, 27.475, 28.61875, 26.8578125, 28.5828125, 27.47734375, 26.29140625, 27.7375, 28.2875, 27.9140625, 27.83046875, 28.32734375, 28.1453125, 27.58984375, 27.91875, 27.5828125, 27.91328125, 27.6703125, 28.578125, 27.48671875, 28.23828125, 27.403125, 27.85, 26.84921875, 27.77578125, 27.68203125, 28.4703125, 27.20078125, 27.53828125, 27.70390625, 27.4796875, 27.125, 27.6796875, 27.875, 28.1546875]",7a0da70cd98019919619828c620309ef774cb779564680ff6d3356639b382548
alternative_a_cross_b,alternative_a_cross_b,0,14,alternative_a_p1.0_r14,selective_p1.0_r14,alternative_a_cross_b_p1.0_r14,1.0,topology_11,2026073104,selective_p1.0_r14|0,m021_contiguous_substring,3ac98b3bd2edbbfc3b4339ca0066047ccba8e1cfa0ce798acbd27bab5b87d8af,contiguous_substring,intermediate,4,0.04041780935563151,0.2824988478295285,0,27.599197048611106,"[27.0140625, 27.8578125, 27.25, 28.39140625, 26.57890625, 28.1328125, 27.41953125, 26.1875, 27.465625, 27.8046875, 27.71015625, 27.71796875, 28.06875, 27.940625, 27.6359375, 27.89375, 27.53046875, 27.7515625, 27.584375, 28.53671875, 27.359375, 28.19609375, 27.32265625, 27.91953125, 26.62578125, 27.58828125, 27.53125, 28.33828125, 27.234375, 27.50234375, 27.328125, 27.590625, 27.02890625, 27.5328125, 28.07890625, 27.92109375]",1fae24db2d35963c518bab677b1352872ae784bc2e08fe7cba8057c82eb7f35d
alternative_a_cross_b,alternative_a_cross_b,0,14,alternative_a_p1.0_r14,selective_p1.0_r14,alternative_a_cross_b_p1.0_r14,1.0,topology_11,2026073104,selective_p1.0_r14|0,m022_contiguous_substring,fc015e86e4e7f2c734c05fb1135856a6186a7b6e6f3079acc6d6c6e4aa7442e4,contiguous_substring,intermediate,4,0.0319949930456265,0.2824988478295285,0,27.828580729166664,"[27.40390625, 27.94140625, 27.54296875, 28.65, 26.72890625, 28.4875, 27.62578125, 26.534375, 27.7921875, 28.30078125, 28.03125, 28.0234375, 28.5578125, 28.14453125, 27.70234375, 27.91953125, 27.5984375, 27.96640625, 27.85078125, 28.6828125, 27.62421875, 28.225, 27.58046875, 28.040625, 26.84765625, 27.76875, 27.85, 28.6359375, 27.58828125, 27.60625, 27.66015625, 27.8375, 27.10859375, 27.64453125, 28.02734375, 28.2984375]",00c82ee26aea78df21b25842c1b2d03b73d4016cd424b8d6372bca84b028f317
alternative_a_cross_b,alternative_a_cross_b,0,14,alternative_a_p1.0_r14,selective_p1.0_r14,alternative_a_cross_b_p1.0_r14,1.0,topology_11,2026073104,selective_p1.0_r14|0,m023_contiguous_substring,6d8bb74bcdeefe62988bcebfe3cdb7110ea14648c3393721f4a4095032ddf61b,contiguous_substring,intermediate,4,0.019319983851855533,0.2824988478295285,0,27.803428819444445,"[27.2734375, 27.971875, 27.634375, 28.59140625, 26.8265625, 28.36171875, 27.6328125, 26.47109375, 27.7546875, 28.16171875, 27.9875, 27.84921875, 28.32578125, 28.30390625, 27.79375, 28.0453125, 27.60859375, 28.00859375, 27.83984375, 28.72578125, 27.59375, 28.03984375, 27.56484375, 28.06953125, 26.79921875, 27.70078125, 27.82421875, 28.571875, 27.5234375, 27.4828125, 27.56796875, 27.75078125, 27.27734375, 27.696875, 28.06640625, 28.22578125]",1dc6575b45b8c3f37fa310fd5256c585f99c2c043b77ae0c3239d9e4f75ffb4b
alternative_a_cross_b,alternative_a_cross_b,0,14,alternative_a_p1.0_r14,selective_p1.0_r14,alternative_a_cross_b_p1.0_r14,1.0,topology_11,2026073104,selective_p1.0_r14|0,m024_contiguous_substring,94ab69bff5420fbcf4c18d7a247ef0e4b9577d1295271abf78a62f51c3b59a0f,contiguous_substring,intermediate,16,0.1060171017221444,0.2824988478295285,0,27.841514756944438,"[27.46484375, 28.0484375, 27.54921875, 28.80078125, 26.8828125, 28.54609375, 27.634375, 26.86171875, 27.7921875, 28.2671875, 28.0328125, 28.05390625, 28.20390625, 27.98671875, 27.68359375, 27.68515625, 27.609375, 27.9671875, 27.37109375, 28.61015625, 27.56953125, 28.115625, 27.36015625, 27.959375, 26.83203125, 28.13125, 27.95625, 28.54375, 27.6875, 27.7171875, 27.634375, 27.93203125, 27.27265625, 27.7453125, 28.3453125, 28.440625]",317c398abbd2e46a0e918b9d8e39606ba6457f63070180116ccf66f3651a884a
alternative_a_cross_b,alternative_a_cross_b,0,14,alternative_a_p1.0_r14,selective_p1.0_r14,alternative_a_cross_b_p1.0_r14,1.0,topology_11,2026073104,selective_p1.0_r14|0,m025_contiguous_substring,ae330f3e6dd51f734f790820a896827f916e8d775c69ea1f205c55aa81507fe0,contiguous_substring,intermediate,16,0.11701961640812228,0.2824988478295285,0,27.44411892361111,"[26.9609375, 27.490625, 27.21796875, 28.41953125, 26.28984375, 28.26640625, 27.16875, 26.2546875, 27.5984375, 27.90390625, 27.4578125, 27.75234375, 27.8703125, 27.62890625, 27.4375, 27.44453125, 27.34140625, 27.67109375, 27.44296875, 28.42109375, 27.35234375, 27.640625, 26.78671875, 27.5, 26.25234375, 27.60078125, 27.365625, 27.96484375, 26.96171875, 27.24609375, 27.63203125, 27.63828125, 27.01875, 27.53359375, 27.76796875, 27.6875]",4eab3d56c49ef103baa4b3febe94386e2f8cc55e8ddf7e6f588cf702225245c7
alternative_a_cross_b,alternative_a_cross_b,0,14,alternative_a_p1.0_r14,selective_p1.0_r14,alternative_a_cross_b_p1.0_r14,1.0,topology_11,2026073104,selective_p1.0_r14|0,m026_contiguous_substring,5d3c5ea59a3a81c2ffdcfc7029fe0ab078b39be0217f1ee2611101845014273b,contiguous_substring,intermediate,16,0.11162989194363808,0.2824988478295285,0,27.576888020833337,"[27.22109375, 27.76640625, 27.07265625, 28.73515625, 26.56484375, 28.19375, 27.53203125, 26.59296875, 27.425, 27.77890625, 27.46640625, 27.7046875, 27.82421875, 27.6625, 27.403125, 27.76484375, 27.49453125, 27.853125, 27.18359375, 28.32421875, 27.44453125, 28.203125, 27.4296875, 27.82578125, 26.50546875, 27.36875, 27.55703125, 28.26953125, 27.12734375, 27.59609375, 27.50546875, 27.76875, 27.04765625, 27.63984375, 27.990625, 27.92421875]",ba2a0beb0c73c18bdb9130a102950b1481f4bde9a1cf871a3218e41bd52bbf9a
alternative_a_cross_b,alternative_a_cross_b,0,14,alternative_a_p1.0_r14,selective_p1.0_r14,alternative_a_cross_b_p1.0_r14,1.0,topology_11,2026073104,selective_p1.0_r14|0,m027_contiguous_substring,6edfbfdb62fbf79744d4ecfb6fe43de95b2133d87a10f24061ecc84297b1c267,contiguous_substring,intermediate,16,0.09289860688914814,0.2824988478295285,0,28.079058159722226,"[27.3578125, 28.2734375, 27.69921875, 29.14375, 26.99609375, 28.74609375, 27.97265625, 26.64921875, 27.88203125, 28.4234375, 28.19765625, 28.40390625, 28.6875, 28.35390625, 27.81953125, 28.3734375, 27.78828125, 28.225, 27.93125, 28.953125, 27.634375, 28.52578125, 27.7140625, 28.2828125, 27.14140625, 28.16015625, 27.97578125, 28.921875, 27.79453125, 28.11640625, 28.4, 28.14765625, 27.39140625, 27.9640625, 28.3171875, 28.48125]",39e8e25492974e2f21614f8e90378819501c135222f515db418481902dc239db
alternative_a_cross_b,alternative_a_cross_b,0,14,alternative_a_p1.0_r14,selective_p1.0_r14,alternative_a_cross_b_p1.0_r14,1.0,topology_11,2026073104,selective_p1.0_r14|0,m028_contiguous_substring,6f9a04216ce84ed3a2ef19a2010723c498d866f2bb5d6eda67ea1bd16782bfd8,contiguous_substring,intermediate,64,0.20042606477098868,0.2824988478295285,0,27.918945312500004,"[27.58046875, 27.56640625, 27.06796875, 28.40703125, 26.50234375, 28.11484375, 27.5578125, 26.50234375, 27.4, 28.01875, 27.54453125, 28.23671875, 27.98984375, 28.12578125, 27.7890625, 27.76640625, 27.98828125, 28.1453125, 27.92421875, 28.9046875, 27.921875, 28.66875, 27.59453125, 27.875, 27.11875, 28.28984375, 28.05078125, 28.77109375, 27.93671875, 28.23515625, 28.4875, 28.63125, 27.584375, 28.13984375, 28.39296875, 28.25078125]",7a3465787d7e27e35ff466bc2d1c0df5fbbc914194e0259a49b41970148cf7f2
alternative_a_cross_b,alternative_a_cross_b,0,14,alternative_a_p1.0_r14,selective_p1.0_r14,alternative_a_cross_b_p1.0_r14,1.0,topology_11,2026073104,selective_p1.0_r14|0,m029_contiguous_substring,8d4ddfbfac0226f6a695d6b22ee21fbf533251852e95baca71b09f7710bfb22c,contiguous_substring,intermediate,64,0.18855376190545386,0.2824988478295285,0,27.91733940972222,"[27.2796875, 27.81171875, 27.4890625, 28.7875, 27.021875, 28.36640625, 27.79375, 26.7640625, 27.72578125, 28.1484375, 27.6328125, 28.11796875, 28.3, 27.853125, 27.8625, 27.97421875, 27.74296875, 28.1984375, 27.7546875, 28.90703125, 27.615625, 28.5375, 27.71171875, 28.171875, 27.0328125, 27.81640625, 28.04921875, 28.8953125, 27.44765625, 27.60859375, 28.18125, 28.16796875, 27.76171875, 28.225, 28.240625, 28.02890625]",f373ee9285b4b4c1ccecc4bc4df22a05569a6c13094ac8d342817e332df8e58e
alternative_a_cross_b,alternative_a_cross_b,0,14,alternative_a_p1.0_r14,selective_p1.0_r14,alternative_a_cross_b_p1.0_r14,1.0,topology_11,2026073104,selective_p1.0_r14|0,m030_contiguous_substring,6ff19e1927dcafbb441ab0b4a0a61b92d1295d402f3277307a3f5b9d7850b98a,contiguous_substring,intermediate,64,0.18080160878975604,0.2824988478295285,0,28.061197916666668,"[27.6109375, 28.16875, 27.7, 29.06875, 26.7390625, 28.46640625, 27.428125, 26.59453125, 27.5109375, 28.36796875, 27.76171875, 28.4546875, 28.64375, 28.18515625, 28.11953125, 28.49453125, 27.8671875, 28.3640625, 27.70859375, 28.675, 28.10546875, 28.4859375, 27.78984375, 28.31640625, 27.34765625, 28.2, 27.62421875, 28.56171875, 28.17265625, 27.6515625, 28.3609375, 28.42265625, 27.96328125, 28.37109375, 28.5265625, 28.3734375]",b9c180e93914bebf49f2f312c4f9616e05e6c64b3211b5477522f9edabab940a
alternative_a_cross_b,alternative_a_cross_b,0,14,alternative_a_p1.0_r14,selective_p1.0_r14,alternative_a_cross_b_p1.0_r14,1.0,topology_11,2026073104,selective_p1.0_r14|0,m031_contiguous_substring,c824c782df91faee7515c9d811fab43ed5426465074d2e812a5277507d28ae96,contiguous_substring,intermediate,256,0.24392560988492842,0.2824988478295285,0,30.088237847222224,"[29.0984375, 30.10390625, 29.534375, 30.78828125, 28.89296875, 30.6796875, 29.84921875, 29.159375, 30.11328125, 30.06953125, 29.6734375, 30.01953125, 30.278125, 30.41328125, 30.14921875, 30.22734375, 29.959375, 29.8640625, 29.8515625, 30.52578125, 30.2921875, 30.29609375, 29.821875, 30.40390625, 29.58984375, 30.26796875, 30.525, 30.74296875, 30.07890625, 30.21328125, 30.1859375, 30.87109375, 29.26484375, 30.18828125, 30.62109375, 30.5625]",f5b5519206797481cc3bfbca96a8064383056b2441e408dd38c1567ab18c8aa9
alternative_a_cross_b,alternative_a_cross_b,0,14,alternative_a_p1.0_r14,selective_p1.0_r14,alternative_a_cross_b_p1.0_r14,1.0,topology_11,2026073104,selective_p1.0_r14|0,m032_contiguous_substring,ef835eb9c371f618c6958654a7d25a1df1d12c09a53ecf66f9209fb882a8542d,contiguous_substring,intermediate,256,0.24229884945397334,0.2824988478295285,0,29.531336805555554,"[28.890625, 29.39453125, 29.6890625, 30.3375, 28.78984375, 29.50390625, 29.66875, 28.31484375, 29.2734375, 30.034375, 29.4171875, 29.3046875, 29.896875, 29.68515625, 29.553125, 29.390625, 29.76328125, 29.91640625, 29.609375, 29.99375, 29.60703125, 29.77421875, 28.96328125, 29.55234375, 28.74921875, 29.14453125, 29.35, 30.47734375, 29.69375, 29.49140625, 29.72109375, 29.625, 29.17109375, 29.7921875, 29.76796875, 29.8203125]",8143b19179ff50a537a68530e327f2e85444590fc94545c59df6d12b2abb806a
alternative_a_cross_b,alternative_a_cross_b,0,14,alternative_a_p1.0_r14,selective_p1.0_r14,alternative_a_cross_b_p1.0_r14,1.0,topology_11,2026073104,selective_p1.0_r14|0,m033_identity,2f88e9ce00d238e7e011a7b140b413dcad818f1da41a721f914f1af604d0e217,identity,identity,1024,0.2824988478295285,0.2824988478295285,0,38.29325086805555,"[35.63671875, 36.3453125, 36.190625, 36.1703125, 36.0, 37.2015625, 37.28828125, 37.3421875, 37.0984375, 37.34375, 37.2765625, 38.09921875, 38.22578125, 37.88203125, 38.93359375, 38.5625, 38.80625, 38.72734375, 39.07265625, 39.0859375, 38.94765625, 39.409375, 39.1609375, 38.99296875, 38.4875, 39.3078125, 39.17734375, 39.02421875, 38.546875, 38.5296875, 38.94296875, 38.8515625, 38.98828125, 39.425, 40.63125, 40.84453125]",ced5d746f6f247f21f13689e59aa950f610a9379af8fb03972c5a6de573075d2
alternative_a_cross_b,alternative_a_cross_b,0,14,alternative_a_p1.0_r14,selective_p1.0_r14,alternative_a_cross_b_p1.0_r14,1.0,topology_11,2026073104,selective_p1.0_r14|1,actual,actual,unintervened,actual,1024,0.2824988478295285,0.2824988478295285,1,37.827734375,"[36.953125, 36.53046875, 36.890625, 36.72578125, 36.315625, 36.553125, 37.0671875, 38.0046875, 37.74921875, 36.88515625, 37.2484375, 37.83671875, 38.1203125, 38.32265625, 38.01484375, 37.72890625, 37.53046875, 37.27109375, 38.17578125, 37.81953125, 37.5734375, 38.48203125, 38.9296875, 38.0234375, 37.78828125, 38.25859375, 38.76953125, 38.478125, 38.46171875, 38.7015625, 38.18671875, 38.3875, 39.12890625, 38.28515625, 38.559375, 38.040625]",c6cdd47101530ff44a23e06e1d733b7e2e995e4e8df7a2be33891f7a59faf03d
alternative_a_cross_b,alternative_a_cross_b,0,14,alternative_a_p1.0_r14,selective_p1.0_r14,alternative_a_cross_b_p1.0_r14,1.0,topology_11,2026073104,selective_p1.0_r14|1,m000_constant,9f1dcbc35c350d6027f98be0f5c8b43b42ca52b7604459c0c42be3aa88913d47,constant,constant,1,0.0,0.2824988478295285,1,27.885091145833332,"[28.2671875, 28.55, 27.9859375, 27.4125, 27.01015625, 27.27265625, 28.18046875, 28.24140625, 28.7921875, 27.340625, 27.25703125, 28.44296875, 28.225, 27.9921875, 28.42578125, 27.64296875, 27.94765625, 27.165625, 28.1640625, 28.69140625, 28.1171875, 27.69375, 27.86640625, 27.78125, 27.178125, 28.2484375, 27.88046875, 27.37578125, 28.30703125, 28.47734375, 27.384375, 28.021875, 27.63671875, 27.23203125, 28.284375, 27.3703125]",a21c8c612525b7308386e3ee7810d59ac0ba7908621173013f36ef3f96e8acdc
alternative_a_cross_b,alternative_a_cross_b,0,14,alternative_a_p1.0_r14,selective_p1.0_r14,alternative_a_cross_b_p1.0_r14,1.0,topology_11,2026073104,selective_p1.0_r14|1,m001_balanced_random_group,74484e9508b33b029e993a9e9ccafe4f01d96055374e557f6aa5a37d25bd9c9f,balanced_random_group,intermediate,2,0.012578524126065013,0.2824988478295285,1,27.966579861111107,"[28.54296875, 28.5921875, 28.14453125, 27.65234375, 27.15234375, 27.40390625, 28.05859375, 28.28125, 28.83828125, 27.29296875, 27.409375, 28.540625, 28.265625, 28.1375, 28.434375, 27.76953125, 28.00703125, 27.32421875, 28.2875, 28.8046875, 28.05078125, 27.8109375, 27.78671875, 27.90859375, 27.19765625, 28.2734375, 28.0296875, 27.44453125, 28.359375, 28.65, 27.54921875, 28.03828125, 27.709375, 27.378125, 28.2734375, 27.396875]",7a93c5a8aa0ab35555a8be434a056ad69bd49a4511762455e6edc944a6f08dd1
alternative_a_cross_b,alternative_a_cross_b,0,14,alternative_a_p1.0_r14,selective_p1.0_r14,alternative_a_cross_b_p1.0_r14,1.0,topology_11,2026073104,selective_p1.0_r14|1,m002_balanced_random_group,e96a93c5fa6154fe18dcd30eb7bdbc3a6e3320a989da83ae67372a9adf58cbba,balanced_random_group,intermediate,4,0.020427966447244615,0.2824988478295285,1,27.930316840277776,"[28.440625, 28.61875, 27.92734375, 27.4453125, 27.36015625, 27.59140625, 28.22578125, 28.2984375, 28.7375, 27.353125, 27.340625, 28.51640625, 28.3078125, 28.01796875, 28.52421875, 27.85703125, 28.1109375, 27.20078125, 28.25703125, 28.671875, 27.95078125, 27.9, 28.03828125, 27.740625, 27.25625, 28.32734375, 27.73203125, 27.26015625, 28.26796875, 28.45625, 27.28671875, 28.06171875, 27.703125, 27.19765625, 28.12109375, 27.38828125]",2f39138bd38d99797905bd44bc6e982b1234c229fdafbf11da8395410efbec9d
alternative_a_cross_b,alternative_a_cross_b,0,14,alternative_a_p1.0_r14,selective_p1.0_r14,alternative_a_cross_b_p1.0_r14,1.0,topology_11,2026073104,selective_p1.0_r14|1,m003_balanced_random_group,14f0105f9e20916e897f4df17fdec0d896085dd5f5320e129bc322820142f8a6,balanced_random_group,intermediate,8,0.06475292857874039,0.2824988478295285,1,27.93910590277778,"[28.49453125, 28.50703125, 27.9171875, 27.61640625, 27.2625, 27.44296875, 28.10625, 28.2234375, 28.846875, 27.184375, 27.18515625, 28.3734375, 28.1609375, 28.0328125, 28.3328125, 27.928125, 28.28046875, 27.190625, 28.13125, 28.62265625, 27.86015625, 27.8078125, 28.0375, 27.8078125, 27.4375, 28.24453125, 27.97109375, 27.54140625, 28.4671875, 28.45078125, 27.4515625, 28.05234375, 27.64296875, 27.44140625, 28.34296875, 27.4109375]",7c433a5a2e00dc2d4d6a57746a889f8fb775aff594c3bcf02155ca2a06e9698b
alternative_a_cross_b,alternative_a_cross_b,0,14,alternative_a_p1.0_r14,selective_p1.0_r14,alternative_a_cross_b_p1.0_r14,1.0,topology_11,2026073104,selective_p1.0_r14|1,m004_balanced_random_group,bb2ba2d5c103ddf6a98d341d94ebe51e88d622a6cb807898cdf9fd63b491a80f,balanced_random_group,intermediate,16,0.11288162877166406,0.2824988478295285,1,28.42556423611111,"[28.8453125, 29.31640625, 28.65859375, 28.19140625, 27.92578125, 27.834375, 28.69296875, 28.59375, 29.16328125, 28.0046875, 27.54375, 28.7828125, 28.57890625, 28.609375, 28.8, 28.378125, 28.49140625, 27.51796875, 28.5078125, 29.0921875, 28.6765625, 28.3671875, 28.22421875, 28.71796875, 27.796875, 28.81328125, 27.95546875, 27.99140625, 28.896875, 28.934375, 28.24296875, 28.3578125, 28.228125, 27.92109375, 28.70546875, 27.96171875]",3fb411d9e44349d861c1830e35f4cb6a83929fbb1712c3346cacdfabe7b1fbbe
alternative_a_cross_b,alternative_a_cross_b,0,14,alternative_a_p1.0_r14,selective_p1.0_r14,alternative_a_cross_b_p1.0_r14,1.0,topology_11,2026073104,selective_p1.0_r14|1,m005_balanced_random_group,c65bd191d1da1176a8030b84146455e1d1f9bf63bb8d4993a72ab07906c80b78,balanced_random_group,intermediate,32,0.15538411858914697,0.2824988478295285,1,27.85677083333333,"[28.42109375, 28.5390625, 28.046875, 27.79375, 27.34453125, 27.72109375, 28.05078125, 28.1625, 28.4796875, 27.0734375, 27.1234375, 28.4484375, 28.353125, 28.29921875, 28.11796875, 27.87578125, 28.13046875, 27.07734375, 28.05859375, 28.4265625, 27.7453125, 27.67578125, 27.98125, 27.803125, 27.13125, 27.97265625, 27.75390625, 27.22734375, 28.3953125, 28.20234375, 27.29140625, 27.67421875, 27.35859375, 27.51328125, 28.26953125, 27.3046875]",196d16d50ebd889cd4da829f80c8ac3fd12afbee33d6769a7d0465019bf59718
alternative_a_cross_b,alternative_a_cross_b,0,14,alternative_a_p1.0_r14,selective_p1.0_r14,alternative_a_cross_b_p1.0_r14,1.0,topology_11,2026073104,selective_p1.0_r14|1,m006_balanced_random_group,54146794238237c8e13f9205ac93004ce5acfdbc51f3cd9b991ee15e2a36f684,balanced_random_group,intermediate,64,0.20536171832295777,0.2824988478295285,1,29.44796006944445,"[29.7015625, 29.4375, 29.41015625, 28.6890625, 28.371875, 28.40703125, 29.30234375, 29.61015625, 30.48671875, 29.07890625, 29.30234375, 30.0203125, 29.4375, 29.8359375, 30.0078125, 29.6, 29.82265625, 28.6890625, 29.91171875, 29.98515625, 29.5921875, 29.01796875, 29.4734375, 29.53359375, 29.2109375, 29.6296875, 29.2359375, 29.03203125, 29.96171875, 30.08046875, 29.184375, 29.23984375, 29.4703125, 28.88515625, 29.99375, 29.47734375]",f50b39ed3599e84c857aa7f38d721a6c909c05bda91eb2a3e517fc4dd3fe2f2c
alternative_a_cross_b,alternative_a_cross_b,0,14,alternative_a_p1.0_r14,selective_p1.0_r14,alternative_a_cross_b_p1.0_r14,1.0,topology_11,2026073104,selective_p1.0_r14|1,m007_balanced_random_group,e179435da112ea8d971ae26891de689741e68338ddf13a7241197cfbaded0b83,balanced_random_group,intermediate,128,0.24137911253161884,0.2824988478295285,1,29.123437499999998,"[29.4015625, 29.52421875, 28.81015625, 28.59296875, 28.43359375, 28.4359375, 29.10234375, 29.09296875, 29.4921875, 28.7828125, 28.14765625, 29.34296875, 29.5140625, 29.44609375, 29.2296875, 28.92890625, 29.2875, 28.54375, 29.4671875, 29.8890625, 29.534375, 29.1703125, 29.5359375, 28.6625, 28.55, 29.37578125, 28.8640625, 28.9125, 29.22109375, 30.103125, 28.67578125, 29.85390625, 29.45078125, 29.02890625, 29.35, 28.6890625]",874611b10f09d9a5180bb1de6fdf4e1e54e082ff8457933700c78362482837e0
alternative_a_cross_b,alternative_a_cross_b,0,14,alternative_a_p1.0_r14,selective_p1.0_r14,alternative_a_cross_b_p1.0_r14,1.0,topology_11,2026073104,selective_p1.0_r14|1,m008_balanced_random_group,e471d7c08820922fc6c21006a6b4685c49e9368d31cd4fbe021c3167456046e0,balanced_random_group,intermediate,256,0.2612101374472052,0.2824988478295285,1,29.740190972222226,"[29.6140625, 29.72109375, 29.67890625, 29.61171875, 29.515625, 28.88203125, 29.6625, 29.90625, 30.22265625, 28.91640625, 28.8671875, 29.7296875, 29.77890625, 30.1703125, 30.1515625, 29.3984375, 29.74609375, 28.665625, 29.89296875, 29.96484375, 29.54609375, 29.8109375, 29.6140625, 29.62578125, 29.471875, 29.9421875, 29.5234375, 30.00390625, 30.37421875, 30.66328125, 30.18671875, 29.909375, 30.040625, 29.8609375, 30.08828125, 29.88828125]",52836d3132a2c893ef454fe77bcfb674210fc5356e63dbfac22357f78fe82506
alternative_a_cross_b,alternative_a_cross_b,0,14,alternative_a_p1.0_r14,selective_p1.0_r14,alternative_a_cross_b_p1.0_r14,1.0,topology_11,2026073104,selective_p1.0_r14|1,m009_balanced_random_group,3394d1cdf22e9723777f99c632a137ebcd7b9bff50e9406fa9f5a34da26ac720,balanced_random_group,intermediate,512,0.27896496381436764,0.2824988478295285,1,32.72612847222222,"[33.32890625, 32.771875, 32.45078125, 32.20859375, 31.9421875, 32.5328125, 32.93125, 32.7171875, 33.23671875, 32.059375, 31.67890625, 32.56875, 32.7625, 32.27578125, 33.29453125, 32.48046875, 33.08203125, 32.2078125, 33.1046875, 32.9171875, 32.584375, 32.6703125, 32.73828125, 32.096875, 31.9859375, 33.346875, 33.009375, 32.72109375, 33.41953125, 33.48046875, 32.58515625, 32.94609375, 33.4671875, 32.52109375, 33.2453125, 32.7703125]",e76dfd51575bf44bb3e3bb5b121d9ca7f100ea77c5977f5d4c0f7c48667f2df6
alternative_a_cross_b,alternative_a_cross_b,0,14,alternative_a_p1.0_r14,selective_p1.0_r14,alternative_a_cross_b_p1.0_r14,1.0,topology_11,2026073104,selective_p1.0_r14|1,m010_affinity_rank_group,3f53151fb2f814971fd6c0128c5c0b7afe1b5cb5257e46a1db18b8ebc9946d94,affinity_rank_group,intermediate,2,0.009224060544822716,0.2824988478295285,1,27.896744791666666,"[28.4015625, 28.6265625, 27.8859375, 27.4203125, 27.02734375, 27.29296875, 28.021875, 28.20703125, 28.80390625, 27.33515625, 27.19765625, 28.39453125, 28.134375, 28.071875, 28.478125, 27.73984375, 27.9984375, 27.221875, 28.271875, 28.72890625, 28.0984375, 27.7671875, 27.8921875, 27.765625, 27.18515625, 28.2828125, 27.8671875, 27.48984375, 28.25078125, 28.46171875, 27.40078125, 28.075, 27.65546875, 27.2703125, 28.20546875, 27.3546875]",904b7dd6d23a48b4a56e80ec72dc4ee2d72c811ffabea9da89a6f3751fc4b833
alternative_a_cross_b,alternative_a_cross_b,0,14,alternative_a_p1.0_r14,selective_p1.0_r14,alternative_a_cross_b_p1.0_r14,1.0,topology_11,2026073104,selective_p1.0_r14|1,m011_affinity_rank_group,92e56b0f11cdce879476507882d715f1eecc12de134fc3982530e28ffd4eba29,affinity_rank_group,intermediate,4,0.03948312268306056,0.2824988478295285,1,27.76790364583333,"[28.25390625, 28.42578125, 27.8015625, 27.31640625, 26.953125, 27.140625, 27.9734375, 28.1484375, 28.7859375, 27.096875, 27.103125, 28.27734375, 28.09453125, 28.01015625, 28.45625, 27.5953125, 27.9390625, 27.06796875, 27.875, 28.53671875, 27.93046875, 27.66953125, 27.790625, 27.62890625, 27.09140625, 28.0359375, 27.7453125, 27.34609375, 28.1859375, 28.3734375, 27.453125, 27.7828125, 27.4859375, 27.03671875, 28.00703125, 27.2296875]",77b74846ef58de8f4b6a6ac2bd9737002f2f151133b5fd03d422794db69f5fc0
alternative_a_cross_b,alternative_a_cross_b,0,14,alternative_a_p1.0_r14,selective_p1.0_r14,alternative_a_cross_b_p1.0_r14,1.0,topology_11,2026073104,selective_p1.0_r14|1,m012_affinity_rank_group,0a19adabdd017fc722384804e89caf4ecf35837689486f63c24094087da5c2ba,affinity_rank_group,intermediate,8,0.07219533266084174,0.2824988478295285,1,28.1365234375,"[28.578125, 28.8609375, 28.27734375, 27.80625, 27.32578125, 27.5328125, 28.29375, 28.59609375, 29.13046875, 27.8078125, 27.4484375, 28.828125, 28.6265625, 28.46875, 28.71484375, 28.18828125, 28.2953125, 27.2421875, 28.24921875, 28.79296875, 28.28046875, 28.01640625, 28.07578125, 28.00703125, 27.21328125, 28.55078125, 28.03046875, 27.54921875, 28.7328125, 28.63671875, 27.5875, 28.13671875, 27.615625, 27.41796875, 28.5796875, 27.4203125]",225033d0445a9ac6e672e459eb2288ab8316335f47d8e0a9e4d37140a3031e63
alternative_a_cross_b,alternative_a_cross_b,0,14,alternative_a_p1.0_r14,selective_p1.0_r14,alternative_a_cross_b_p1.0_r14,1.0,topology_11,2026073104,selective_p1.0_r14|1,m013_affinity_rank_group,d176c8d0ee881709b5af7061b49578d8041bef9dde73ceb9e47e4dd86f7ee987,affinity_rank_group,intermediate,16,0.12141483907461723,0.2824988478295285,1,28.19581163194444,"[28.7578125, 28.86953125, 28.09453125, 27.67890625, 27.059375, 27.346875, 28.15, 28.70546875, 29.0, 27.90625, 27.6796875, 28.61015625, 28.596875, 28.184375, 28.44296875, 28.31015625, 28.4953125, 27.46171875, 28.52265625, 29.0203125, 28.29140625, 28.18046875, 28.1765625, 28.4296875, 27.55859375, 28.4328125, 28.1015625, 27.590625, 28.54921875, 28.70703125, 27.62734375, 28.478125, 27.8890625, 27.6890625, 28.55, 27.9046875]",7f1e884f60b7dfc06680bc1b5d9a5c9c2bc5a0b85e1c28feeff226c623840caf
alternative_a_cross_b,alternative_a_cross_b,0,14,alternative_a_p1.0_r14,selective_p1.0_r14,alternative_a_cross_b_p1.0_r14,1.0,topology_11,2026073104,selective_p1.0_r14|1,m014_affinity_rank_group,a08bb91ec0e66d0b3afe5332032fd3fb6769016bc04c2710b5e01a8e599df454,affinity_rank_group,intermediate,32,0.18154837782358896,0.2824988478295285,1,28.49898003472222,"[28.959375, 29.01953125, 28.44609375, 28.37265625, 27.6921875, 27.95390625, 28.6046875, 28.85859375, 29.4265625, 27.8875, 28.13125, 28.58828125, 28.65390625, 28.6421875, 29.134375, 28.659375, 29.0046875, 27.6625, 28.70390625, 29.31875, 28.51171875, 28.23828125, 28.34296875, 28.34921875, 27.97890625, 28.98359375, 28.6875, 27.93125, 29.04375, 28.80078125, 28.07734375, 28.5390625, 27.978125, 27.73828125, 28.78671875, 28.25546875]",fbaa41e6a2bce671e77b073bc06a476f8302af5d07b964495fe106dbfe26cfde
alternative_a_cross_b,alternative_a_cross_b,0,14,alternative_a_p1.0_r14,selective_p1.0_r14,alternative_a_cross_b_p1.0_r14,1.0,topology_11,2026073104,selective_p1.0_r14|1,m015_affinity_rank_group,6ac4e014d135d7a7fbd4592fdf320f48570dc4bce5e1a5c2ca6054715b80f98a,affinity_rank_group,intermediate,64,0.21223624393663548,0.2824988478295285,1,29.17039930555556,"[29.12578125, 29.25390625, 28.7953125, 28.61328125, 28.175, 28.52578125, 28.903125, 29.26328125, 29.9140625, 28.0265625, 28.2140625, 29.0625, 28.80625, 29.178125, 30.003125, 29.7078125, 29.81796875, 28.7171875, 29.71171875, 29.80234375, 29.51953125, 29.23359375, 29.065625, 29.11953125, 28.6109375, 29.70390625, 29.2375, 28.81875, 29.753125, 29.79375, 29.225, 29.42421875, 29.3046875, 29.10703125, 29.39296875, 29.20703125]",aeac6353bbbcad045b6f7927d3a027b70a2c2bcbfaa992704f810b625bfe3ae1
alternative_a_cross_b,alternative_a_cross_b,0,14,alternative_a_p1.0_r14,selective_p1.0_r14,alternative_a_cross_b_p1.0_r14,1.0,topology_11,2026073104,selective_p1.0_r14|1,m016_affinity_rank_group,4c0d0a036a5c51abb14f88b143c35a9a2e7cecb590d4d0752b078fe3b59a18dd,affinity_rank_group,intermediate,128,0.23684164283295697,0.2824988478295285,1,28.35219184027778,"[28.93203125, 28.95859375, 28.1671875, 28.20859375, 27.396875, 28.2609375, 28.68671875, 28.53984375, 29.240625, 27.4765625, 28.178125, 28.2890625, 28.1734375, 28.278125, 28.29609375, 28.640625, 29.078125, 27.7046875, 28.7796875, 29.3328125, 28.7828125, 28.07578125, 28.17265625, 28.5921875, 27.91015625, 29.38359375, 28.47578125, 27.53671875, 28.3890625, 28.75, 28.02109375, 28.27265625, 27.921875, 27.6390625, 27.97890625, 28.1578125]",d828e559789c0ff1d52cc8214a7460a38330e0ec8a0a359a5c537f39ad186671
alternative_a_cross_b,alternative_a_cross_b,0,14,alternative_a_p1.0_r14,selective_p1.0_r14,alternative_a_cross_b_p1.0_r14,1.0,topology_11,2026073104,selective_p1.0_r14|1,m017_affinity_rank_group,cf78b05538711825e0795152b13c3d2c15b5cd16f89c1995f7b006d8bc57c6a2,affinity_rank_group,intermediate,256,0.26122052466183954,0.2824988478295285,1,29.871419270833332,"[30.30390625, 30.17109375, 29.31484375, 29.82265625, 28.9671875, 29.3484375, 29.734375, 29.8859375, 30.55078125, 29.08984375, 29.290625, 29.9828125, 29.80078125, 30.08984375, 30.3046875, 29.925, 30.23671875, 28.7328125, 30.3625, 30.75, 30.43671875, 29.6171875, 29.8921875, 29.9359375, 29.51328125, 30.571875, 29.73046875, 29.7984375, 29.86953125, 30.6421875, 29.45078125, 29.4875, 29.93203125, 29.6828125, 30.46015625, 29.68515625]",05518e1cdfe4488a525e3d3fa67a0ec595eca0eb3303f4b9182022b906614caf
alternative_a_cross_b,alternative_a_cross_b,0,14,alternative_a_p1.0_r14,selective_p1.0_r14,alternative_a_cross_b_p1.0_r14,1.0,topology_11,2026073104,selective_p1.0_r14|1,m018_affinity_rank_group,24a6acb87a7364b0b1cbbe6fecc84df53e5243c78a06a6c6c4e7354b3e359435,affinity_rank_group,intermediate,512,0.27832994859806376,0.2824988478295285,1,33.99429253472223,"[34.4203125, 34.25390625, 33.3125, 33.66875, 33.6734375, 33.765625, 34.61328125, 34.33828125, 34.896875, 33.76953125, 33.74140625, 34.33515625, 34.63125, 34.41796875, 34.7796875, 34.00546875, 34.7109375, 33.721875, 34.09921875, 34.1140625, 34.94296875, 33.84296875, 34.47265625, 34.30234375, 33.55, 34.15625, 33.5828125, 33.04453125, 34.09765625, 33.9265625, 33.04296875, 34.12265625, 33.5859375, 33.2515625, 33.75546875, 32.84765625]",97d3fc0fb029c56e1c062cab710794e8d6268edd9ae1a9f1f3cd63b59bd52164
alternative_a_cross_b,alternative_a_cross_b,0,14,alternative_a_p1.0_r14,selective_p1.0_r14,alternative_a_cross_b_p1.0_r14,1.0,topology_11,2026073104,selective_p1.0_r14|1,m019_contiguous_substring,16cfd655e57fba08a658c1d50e1fe5976b2f905eee09ec260833cfb2b49d6f38,contiguous_substring,intermediate,4,0.04213874177560195,0.2824988478295285,1,28.026736111111113,"[28.4578125, 28.6265625, 28.234375, 27.5578125, 27.3421875, 27.76484375, 28.2671875, 28.3625, 28.846875, 27.38046875, 27.72734375, 28.55546875, 28.259375, 28.2328125, 28.6203125, 27.76328125, 28.15, 27.14609375, 28.0984375, 28.62734375, 28.03125, 27.88515625, 27.86328125, 28.02421875, 27.33671875, 28.51484375, 28.053125, 27.52421875, 28.5765625, 28.48125, 27.5671875, 27.9984375, 27.7046875, 27.43984375, 28.35625, 27.584375]",c90b3efef870bc17e9b3706e857319725083a3f31e61d1845564d08ce154d6c1
alternative_a_cross_b,alternative_a_cross_b,0,14,alternative_a_p1.0_r14,selective_p1.0_r14,alternative_a_cross_b_p1.0_r14,1.0,topology_11,2026073104,selective_p1.0_r14|1,m020_contiguous_substring,6fb076d21f3b26febc2e6a328628b3ea581ce0709de4263bbe675d61bdb74942,contiguous_substring,intermediate,4,0.029453336859228706,0.2824988478295285,1,27.974283854166668,"[28.44140625, 28.6328125, 28.00546875, 27.53515625, 27.28359375, 27.3921875, 28.178125, 28.24140625, 28.88125, 27.209375, 27.37421875, 28.46796875, 28.271875, 28.16640625, 28.5546875, 27.8578125, 27.94609375, 27.1484375, 28.1625, 28.7828125, 28.1125, 27.74921875, 27.896875, 27.87578125, 27.3625, 28.3421875, 28.00390625, 27.37421875, 28.4953125, 28.31171875, 27.646875, 28.05234375, 27.88359375, 27.3609375, 28.53203125, 27.540625]",14096a2266d56700a6d79c0fe0e777423b00eef34bb21a8733f279fca6747c50
alternative_a_cross_b,alternative_a_cross_b,0,14,alternative_a_p1.0_r14,selective_p1.0_r14,alternative_a_cross_b_p1.0_r14,1.0,topology_11,2026073104,selective_p1.0_r14|1,m021_contiguous_substring,3ac98b3bd2edbbfc3b4339ca0066047ccba8e1cfa0ce798acbd27bab5b87d8af,contiguous_substring,intermediate,4,0.04041780935563151,0.2824988478295285,1,27.785243055555558,"[28.3578125, 28.42109375, 27.8265625, 27.3984375, 26.91484375, 27.1359375, 27.87578125, 28.1453125, 28.68203125, 27.20078125, 27.01484375, 28.3796875, 28.12578125, 28.20546875, 28.31796875, 27.58125, 27.9671875, 26.8796875, 27.9203125, 28.2828125, 27.94453125, 27.5875, 27.7140625, 27.78125, 27.0640625, 28.1125, 27.90390625, 27.225, 28.01875, 28.26171875, 27.4609375, 27.91953125, 27.6703125, 27.328125, 28.41875, 27.22421875]",f7f9acea854a1f46fb09cbafd7c375905dae2186e7e7b34f89f30097b00c742c
alternative_a_cross_b,alternative_a_cross_b,0,14,alternative_a_p1.0_r14,selective_p1.0_r14,alternative_a_cross_b_p1.0_r14,1.0,topology_11,2026073104,selective_p1.0_r14|1,m022_contiguous_substring,fc015e86e4e7f2c734c05fb1135856a6186a7b6e6f3079acc6d6c6e4aa7442e4,contiguous_substring,intermediate,4,0.0319949930456265,0.2824988478295285,1,28.01336805555556,"[28.6359375, 28.66640625, 28.1390625, 27.5203125, 27.06328125, 27.4125, 28.2296875, 28.28125, 29.15078125, 27.484375, 27.553125, 28.5046875, 28.32734375, 28.1078125, 28.57109375, 27.8328125, 28.06484375, 27.3375, 28.29609375, 28.784375, 28.0625, 27.91796875, 27.73125, 27.87421875, 27.35, 28.35625, 28.05, 27.4265625, 28.5125, 28.70625, 27.40703125, 28.209375, 27.7546875, 27.39453125, 28.39296875, 27.371875]",7a53017782ea742f9eaab5a58e837fe35865842c4e54bcd213b360ec592f1293
alternative_a_cross_b,alternative_a_cross_b,0,14,alternative_a_p1.0_r14,selective_p1.0_r14,alternative_a_cross_b_p1.0_r14,1.0,topology_11,2026073104,selective_p1.0_r14|1,m023_contiguous_substring,6d8bb74bcdeefe62988bcebfe3cdb7110ea14648c3393721f4a4095032ddf61b,contiguous_substring,intermediate,4,0.019319983851855533,0.2824988478295285,1,28.03810763888889,"[28.37265625, 28.5828125, 28.109375, 27.640625, 27.1984375, 27.47421875, 28.228125, 28.22421875, 28.99765625, 27.43671875, 27.38203125, 28.51171875, 28.375, 28.2171875, 28.515625, 27.95859375, 28.0984375, 27.3171875, 28.184375, 28.91640625, 28.2734375, 27.9203125, 27.865625, 28.071875, 27.5, 28.35859375, 28.09140625, 27.6359375, 28.4515625, 28.61484375, 27.46953125, 28.25078125, 27.73203125, 27.6, 28.4, 27.39453125]",3e4bec49e9cc9faf63ee90e95fd8223200b0e23741938b8f41033f1bc3403d32
alternative_a_cross_b,alternative_a_cross_b,0,14,alternative_a_p1.0_r14,selective_p1.0_r14,alternative_a_cross_b_p1.0_r14,1.0,topology_11,2026073104,selective_p1.0_r14|1,m024_contiguous_substring,94ab69bff5420fbcf4c18d7a247ef0e4b9577d1295271abf78a62f51c3b59a0f,contiguous_substring,intermediate,16,0.1060171017221444,0.2824988478295285,1,28.0248046875,"[28.65078125, 28.54765625, 28.10234375, 27.64765625, 27.45625, 27.44453125, 28.15703125, 28.2046875, 28.82734375, 27.3546875, 27.3671875, 28.3828125, 28.315625, 28.3390625, 28.78359375, 27.86796875, 28.1890625, 27.17890625, 28.546875, 28.64453125, 27.9484375, 27.92421875, 27.9046875, 27.99921875, 27.32265625, 28.17421875, 27.82734375, 27.3265625, 28.56171875, 28.4328125, 27.80703125, 27.88359375, 28.221875, 27.6234375, 28.40703125, 27.51953125]",845ca54f884779e81419fd0d4b06ecebfd904c7f1b730e4657ac8d023efa56ea
alternative_a_cross_b,alternative_a_cross_b,0,14,alternative_a_p1.0_r14,selective_p1.0_r14,alternative_a_cross_b_p1.0_r14,1.0,topology_11,2026073104,selective_p1.0_r14|1,m025_contiguous_substring,ae330f3e6dd51f734f790820a896827f916e8d775c69ea1f205c55aa81507fe0,contiguous_substring,intermediate,16,0.11701961640812228,0.2824988478295285,1,27.724978298611106,"[28.18203125, 28.34453125, 27.60078125, 27.175, 26.903125, 27.24765625, 27.8109375, 28.04296875, 28.75234375, 26.978125, 27.02890625, 28.1765625, 27.9109375, 27.9390625, 28.1609375, 27.6578125, 27.95234375, 26.3390625, 28.1359375, 28.19765625, 27.49453125, 27.41171875, 27.853125, 27.89609375, 27.2234375, 28.0265625, 28.053125, 27.15625, 27.98125, 28.01953125, 27.71796875, 27.75234375, 27.9234375, 27.375, 28.26953125, 27.40859375]",74f57647dc84c42be6bbdf1d49700a37f325438e3b9bc1017f5d78f0fe7e6085
alternative_a_cross_b,alternative_a_cross_b,0,14,alternative_a_p1.0_r14,selective_p1.0_r14,alternative_a_cross_b_p1.0_r14,1.0,topology_11,2026073104,selective_p1.0_r14|1,m026_contiguous_substring,5d3c5ea59a3a81c2ffdcfc7029fe0ab078b39be0217f1ee2611101845014273b,contiguous_substring,intermediate,16,0.11162989194363808,0.2824988478295285,1,27.93062065972222,"[28.4453125, 28.275, 27.9609375, 27.4421875, 27.4484375, 27.35859375, 27.971875, 28.15859375, 28.74765625, 27.028125, 27.43359375, 28.2359375, 28.01171875, 28.17265625, 28.39765625, 27.803125, 28.1171875, 27.01484375, 28.0953125, 28.61015625, 27.8234375, 27.9078125, 27.69140625, 27.87890625, 27.39765625, 28.40546875, 28.01171875, 27.38359375, 28.440625, 28.45703125, 27.6, 28.10078125, 27.77890625, 27.5484375, 28.41015625, 27.9375]",f10a2a485de596d89f33a1be2f9e9474b26a83d25d4d59b5191e09d3dcad1ffa
alternative_a_cross_b,alternative_a_cross_b,0,14,alternative_a_p1.0_r14,selective_p1.0_r14,alternative_a_cross_b_p1.0_r14,1.0,topology_11,2026073104,selective_p1.0_r14|1,m027_contiguous_substring,6edfbfdb62fbf79744d4ecfb6fe43de95b2133d87a10f24061ecc84297b1c267,contiguous_substring,intermediate,16,0.09289860688914814,0.2824988478295285,1,28.28569878472222,"[28.9, 29.03359375, 28.42578125, 27.8828125, 27.7421875, 27.71015625, 28.45078125, 28.39296875, 29.36328125, 27.71328125, 27.521875, 28.7234375, 28.67421875, 28.4328125, 28.90703125, 28.16640625, 28.31171875, 27.34375, 28.58984375, 28.99140625, 28.36015625, 28.09921875, 27.79375, 28.1734375, 27.6140625, 28.72421875, 28.21796875, 27.83984375, 28.75546875, 28.7921875, 27.77578125, 28.4578125, 28.115625, 27.80625, 28.7546875, 27.72734375]",9f1bbb3ab75f489b73be09c4b407edef883fb9ae5f3ddd48f818639ab547a1c3
alternative_a_cross_b,alternative_a_cross_b,0,14,alternative_a_p1.0_r14,selective_p1.0_r14,alternative_a_cross_b_p1.0_r14,1.0,topology_11,2026073104,selective_p1.0_r14|1,m028_contiguous_substring,6f9a04216ce84ed3a2ef19a2010723c498d866f2bb5d6eda67ea1bd16782bfd8,contiguous_substring,intermediate,64,0.20042606477098868,0.2824988478295285,1,27.797330729166667,"[28.26640625, 28.26640625, 27.95390625, 27.26875, 27.56484375, 27.44453125, 27.97734375, 28.2828125, 28.45625, 27.53671875, 27.41796875, 28.20390625, 28.078125, 28.3296875, 27.92109375, 27.7796875, 28.03125, 26.47734375, 27.96796875, 28.18828125, 27.8875, 27.7375, 27.71015625, 27.528125, 27.41171875, 27.8109375, 27.5640625, 27.16328125, 28.18359375, 28.40390625, 27.7609375, 27.8703125, 27.8265625, 27.23671875, 27.734375, 27.4609375]",655926479002528bc311f9f505453e03465397bd8eef72fb67a8858f210d92d2
alternative_a_cross_b,alternative_a_cross_b,0,14,alternative_a_p1.0_r14,selective_p1.0_r14,alternative_a_cross_b_p1.0_r14,1.0,topology_11,2026073104,selective_p1.0_r14|1,m029_contiguous_substring,8d4ddfbfac0226f6a695d6b22ee21fbf533251852e95baca71b09f7710bfb22c,contiguous_substring,intermediate,64,0.18855376190545386,0.2824988478295285,1,27.958984375,"[28.11015625, 28.14609375, 27.92265625, 27.3828125, 27.34296875, 27.4859375, 27.59375, 28.13359375, 28.61640625, 26.9875, 26.95625, 28.35703125, 27.9546875, 27.98359375, 28.75625, 28.0265625, 28.29375, 26.84765625, 28.52578125, 28.58359375, 28.17109375, 27.9171875, 27.996875, 27.5875, 27.27265625, 28.25546875, 27.965625, 27.36015625, 28.35546875, 28.90546875, 28.05546875, 28.47421875, 27.959375, 27.746875, 28.62265625, 27.8703125]",bd0c87fec69294141cce29e86192ddeae6b3db1eaab4eadbe92eb7b519516f85
alternative_a_cross_b,alternative_a_cross_b,0,14,alternative_a_p1.0_r14,selective_p1.0_r14,alternative_a_cross_b_p1.0_r14,1.0,topology_11,2026073104,selective_p1.0_r14|1,m030_contiguous_substring,6ff19e1927dcafbb441ab0b4a0a61b92d1295d402f3277307a3f5b9d7850b98a,contiguous_substring,intermediate,64,0.18080160878975604,0.2824988478295285,1,28.281922743055556,"[28.66171875, 28.6234375, 28.021875, 27.88828125, 27.4140625, 27.86640625, 28.14140625, 28.72265625, 28.99296875, 27.64921875, 27.5078125, 28.38125, 28.334375, 28.46328125, 28.875, 28.10859375, 28.49765625, 27.36953125, 28.32421875, 29.43984375, 28.14609375, 28.32421875, 28.04453125, 28.56328125, 27.621875, 28.5953125, 28.10859375, 27.93359375, 29.16171875, 28.94375, 28.06171875, 28.296875, 28.459375, 27.73671875, 28.51015625, 28.3578125]",1237737854d0d97b071d4c2987d8db67bc5e83b6982998739a437591ac1b3f1b
alternative_a_cross_b,alternative_a_cross_b,0,14,alternative_a_p1.0_r14,selective_p1.0_r14,alternative_a_cross_b_p1.0_r14,1.0,topology_11,2026073104,selective_p1.0_r14|1,m031_contiguous_substring,c824c782df91faee7515c9d811fab43ed5426465074d2e812a5277507d28ae96,contiguous_substring,intermediate,256,0.24392560988492842,0.2824988478295285,1,29.985546874999997,"[30.534375, 29.95859375, 29.52734375, 29.10234375, 28.971875, 29.3953125, 29.85390625, 30.1375, 30.05390625, 29.17421875, 29.2125, 30.42890625, 30.3234375, 31.0890625, 31.01875, 30.14296875, 30.54296875, 29.50546875, 30.31796875, 30.42109375, 30.04609375, 30.24296875, 30.209375, 30.41171875, 29.20859375, 29.90859375, 30.146875, 29.63125, 30.6078125, 30.4453125, 29.59453125, 29.81328125, 29.959375, 29.68203125, 30.421875, 29.4375]",6f2f1405e5cb8deb9fa62e53e315966b6609c665e1f6c4a7ef0a4bb7cbcfd45a
alternative_a_cross_b,alternative_a_cross_b,0,14,alternative_a_p1.0_r14,selective_p1.0_r14,alternative_a_cross_b_p1.0_r14,1.0,topology_11,2026073104,selective_p1.0_r14|1,m032_contiguous_substring,ef835eb9c371f618c6958654a7d25a1df1d12c09a53ecf66f9209fb882a8542d,contiguous_substring,intermediate,256,0.24229884945397334,0.2824988478295285,1,29.507877604166666,"[29.75078125, 29.2703125, 29.1671875, 28.909375, 29.19453125, 29.46640625, 29.55625, 29.3890625, 30.42578125, 29.1203125, 29.078125, 29.8390625, 29.64765625, 29.3703125, 29.6484375, 29.84921875, 29.415625, 28.63515625, 29.653125, 30.08203125, 29.37734375, 29.5171875, 29.26796875, 29.33671875, 28.8125, 29.5203125, 30.1796875, 28.828125, 29.3046875, 30.0484375, 29.38125, 29.26875, 30.0328125, 30.14765625, 30.20390625, 29.5875]",094140ac70f27ea5af1a8f152e37379802f5096194a8eda5e64405af8e091792
alternative_a_cross_b,alternative_a_cross_b,0,14,alternative_a_p1.0_r14,selective_p1.0_r14,alternative_a_cross_b_p1.0_r14,1.0,topology_11,2026073104,selective_p1.0_r14|1,m033_identity,2f88e9ce00d238e7e011a7b140b413dcad818f1da41a721f914f1af604d0e217,identity,identity,1024,0.2824988478295285,0.2824988478295285,1,37.827734375,"[36.953125, 36.53046875, 36.890625, 36.72578125, 36.315625, 36.553125, 37.0671875, 38.0046875, 37.74921875, 36.88515625, 37.2484375, 37.83671875, 38.1203125, 38.32265625, 38.01484375, 37.72890625, 37.53046875, 37.27109375, 38.17578125, 37.81953125, 37.5734375, 38.48203125, 38.9296875, 38.0234375, 37.78828125, 38.25859375, 38.76953125, 38.478125, 38.46171875, 38.7015625, 38.18671875, 38.3875, 39.12890625, 38.28515625, 38.559375, 38.040625]",c6cdd47101530ff44a23e06e1d733b7e2e995e4e8df7a2be33891f7a59faf03d
