condition,inherit_prob,replicate,baseline_replicate,continuation_index,actual_viability,mp_constant_viability,delta_mp,analytical_exact_zero
control,0.1,0,control_p0.1_r00,0,27.14398871527778,27.14398871527778,0.0,False
control,0.1,0,control_p0.1_r00,1,27.03943142361111,27.03943142361111,0.0,False
control,0.1,0,control_p0.1_r00,2,27.04288194444445,27.04288194444445,0.0,False
control,0.1,0,control_p0.1_r00,3,27.153754340277786,27.153754340277786,0.0,False
control,0.1,0,control_p0.1_r00,4,27.17732204861111,27.17732204861111,0.0,False
control,0.1,0,control_p0.1_r00,5,27.257291666666667,27.257291666666667,0.0,False
control,0.1,0,control_p0.1_r00,6,27.164453125,27.164453125,0.0,False
control,0.1,0,control_p0.1_r00,7,27.074522569444447,27.074522569444447,0.0,False
control,0.1,1,control_p0.1_r01,0,27.164605034722225,27.164605034722225,0.0,False
control,0.1,1,control_p0.1_r01,1,27.19893663194445,27.19893663194445,0.0,False
control,0.1,1,control_p0.1_r01,2,27.2349609375,27.2349609375,0.0,False
control,0.1,1,control_p0.1_r01,3,27.15379774305556,27.15379774305556,0.0,False
control,0.1,1,control_p0.1_r01,4,27.213302951388886,27.213302951388886,0.0,False
control,0.1,1,control_p0.1_r01,5,27.113151041666665,27.113151041666665,0.0,False
control,0.1,1,control_p0.1_r01,6,27.208463541666667,27.208463541666667,0.0,False
control,0.1,1,control_p0.1_r01,7,27.150347222222223,27.150347222222223,0.0,False
control,0.1,2,control_p0.1_r02,0,27.26232638888889,27.26232638888889,0.0,False
control,0.1,2,control_p0.1_r02,1,27.061002604166667,27.061002604166667,0.0,False
control,0.1,2,control_p0.1_r02,2,27.199522569444444,27.199522569444444,0.0,False
control,0.1,2,control_p0.1_r02,3,27.26820746527778,27.26820746527778,0.0,False
control,0.1,2,control_p0.1_r02,4,27.03357204861111,27.03357204861111,0.0,False
control,0.1,2,control_p0.1_r02,5,27.088628472222226,27.088628472222226,0.0,False
control,0.1,2,control_p0.1_r02,6,27.2943359375,27.2943359375,0.0,False
control,0.1,2,control_p0.1_r02,7,27.05264756944444,27.05264756944444,0.0,False
control,0.1,3,control_p0.1_r03,0,27.19392361111111,27.19392361111111,0.0,False
control,0.1,3,control_p0.1_r03,1,27.160221354166666,27.160221354166666,0.0,False
control,0.1,3,control_p0.1_r03,2,27.122135416666666,27.122135416666666,0.0,False
control,0.1,3,control_p0.1_r03,3,27.060720486111112,27.060720486111112,0.0,False
control,0.1,3,control_p0.1_r03,4,27.166536458333336,27.166536458333336,0.0,False
control,0.1,3,control_p0.1_r03,5,27.079166666666666,27.079166666666666,0.0,False
control,0.1,3,control_p0.1_r03,6,27.20160590277778,27.20160590277778,0.0,False
control,0.1,3,control_p0.1_r03,7,27.16796875,27.16796875,0.0,False
control,0.1,4,control_p0.1_r04,0,27.086176215277774,27.086176215277774,0.0,False
control,0.1,4,control_p0.1_r04,1,27.11877170138889,27.11877170138889,0.0,False
control,0.1,4,control_p0.1_r04,2,27.190993923611117,27.190993923611117,0.0,False
control,0.1,4,control_p0.1_r04,3,27.132096354166663,27.132096354166663,0.0,False
control,0.1,4,control_p0.1_r04,4,27.132052951388893,27.132052951388893,0.0,False
control,0.1,4,control_p0.1_r04,5,27.13878038194445,27.13878038194445,0.0,False
control,0.1,4,control_p0.1_r04,6,27.20362413194444,27.20362413194444,0.0,False
control,0.1,4,control_p0.1_r04,7,27.025672743055555,27.025672743055555,0.0,False
control,0.1,5,control_p0.1_r05,0,27.12157118055556,27.12157118055556,0.0,False
control,0.1,5,control_p0.1_r05,1,27.138541666666665,27.138541666666665,0.0,False
control,0.1,5,control_p0.1_r05,2,27.15700954861111,27.15700954861111,0.0,False
control,0.1,5,control_p0.1_r05,3,27.1294921875,27.1294921875,0.0,False
control,0.1,5,control_p0.1_r05,4,27.159917534722226,27.159917534722226,0.0,False
control,0.1,5,control_p0.1_r05,5,27.152408854166666,27.152408854166666,0.0,False
control,0.1,5,control_p0.1_r05,6,27.15108506944445,27.15108506944445,0.0,False
control,0.1,5,control_p0.1_r05,7,27.128776041666665,27.128776041666665,0.0,False
control,0.1,6,control_p0.1_r06,0,27.14485677083333,27.14485677083333,0.0,False
control,0.1,6,control_p0.1_r06,1,27.177907986111105,27.177907986111105,0.0,False
control,0.1,6,control_p0.1_r06,2,27.07810329861111,27.07810329861111,0.0,False
control,0.1,6,control_p0.1_r06,3,27.20431857638889,27.20431857638889,0.0,False
control,0.1,6,control_p0.1_r06,4,27.146853298611116,27.146853298611116,0.0,False
control,0.1,6,control_p0.1_r06,5,27.08467881944445,27.08467881944445,0.0,False
control,0.1,6,control_p0.1_r06,6,27.126605902777776,27.126605902777776,0.0,False
control,0.1,6,control_p0.1_r06,7,27.092881944444443,27.092881944444443,0.0,False
control,0.1,7,control_p0.1_r07,0,27.12962239583333,27.12962239583333,0.0,False
control,0.1,7,control_p0.1_r07,1,27.076280381944443,27.076280381944443,0.0,False
control,0.1,7,control_p0.1_r07,2,27.17489149305555,27.17489149305555,0.0,False
control,0.1,7,control_p0.1_r07,3,27.09090711805556,27.09090711805556,0.0,False
control,0.1,7,control_p0.1_r07,4,27.13500434027778,27.13500434027778,0.0,False
control,0.1,7,control_p0.1_r07,5,27.170963541666666,27.170963541666666,0.0,False
control,0.1,7,control_p0.1_r07,6,27.119878472222226,27.119878472222226,0.0,False
control,0.1,7,control_p0.1_r07,7,27.104014756944448,27.104014756944448,0.0,False
control,0.1,8,control_p0.1_r08,0,27.28098958333333,27.28098958333333,0.0,False
control,0.1,8,control_p0.1_r08,1,27.09689670138889,27.09689670138889,0.0,False
control,0.1,8,control_p0.1_r08,2,27.15887586805556,27.15887586805556,0.0,False
control,0.1,8,control_p0.1_r08,3,27.19092881944444,27.19092881944444,0.0,False
control,0.1,8,control_p0.1_r08,4,27.238541666666663,27.238541666666663,0.0,False
control,0.1,8,control_p0.1_r08,5,27.219683159722223,27.219683159722223,0.0,False
control,0.1,8,control_p0.1_r08,6,27.26126302083334,27.26126302083334,0.0,False
control,0.1,8,control_p0.1_r08,7,27.213389756944444,27.213389756944444,0.0,False
control,0.1,9,control_p0.1_r09,0,27.094596354166665,27.094596354166665,0.0,False
control,0.1,9,control_p0.1_r09,1,27.174869791666666,27.174869791666666,0.0,False
control,0.1,9,control_p0.1_r09,2,27.09561631944445,27.09561631944445,0.0,False
control,0.1,9,control_p0.1_r09,3,27.090494791666664,27.090494791666664,0.0,False
control,0.1,9,control_p0.1_r09,4,27.13830295138889,27.13830295138889,0.0,False
control,0.1,9,control_p0.1_r09,5,27.240646701388886,27.240646701388886,0.0,False
control,0.1,9,control_p0.1_r09,6,27.06115451388889,27.06115451388889,0.0,False
control,0.1,9,control_p0.1_r09,7,27.158658854166664,27.158658854166664,0.0,False
control,0.1,10,control_p0.1_r10,0,27.14958767361111,27.14958767361111,0.0,False
control,0.1,10,control_p0.1_r10,1,27.14249131944445,27.14249131944445,0.0,False
control,0.1,10,control_p0.1_r10,2,27.16955295138889,27.16955295138889,0.0,False
control,0.1,10,control_p0.1_r10,3,27.06169704861111,27.06169704861111,0.0,False
control,0.1,10,control_p0.1_r10,4,27.04724392361111,27.04724392361111,0.0,False
control,0.1,10,control_p0.1_r10,5,27.09359809027778,27.09359809027778,0.0,False
control,0.1,10,control_p0.1_r10,6,27.14811197916667,27.14811197916667,0.0,False
control,0.1,10,control_p0.1_r10,7,27.1578125,27.1578125,0.0,False
control,0.1,11,control_p0.1_r11,0,27.23728298611111,27.23728298611111,0.0,False
control,0.1,11,control_p0.1_r11,1,27.05305989583333,27.05305989583333,0.0,False
control,0.1,11,control_p0.1_r11,2,27.149045138888887,27.149045138888887,0.0,False
control,0.1,11,control_p0.1_r11,3,27.166124131944443,27.166124131944443,0.0,False
control,0.1,11,control_p0.1_r11,4,27.1931640625,27.1931640625,0.0,False
control,0.1,11,control_p0.1_r11,5,27.215342881944444,27.215342881944444,0.0,False
control,0.1,11,control_p0.1_r11,6,27.169466145833333,27.169466145833333,0.0,False
control,0.1,11,control_p0.1_r11,7,27.12269965277777,27.12269965277777,0.0,False
control,0.1,12,control_p0.1_r12,0,27.074327256944443,27.074327256944443,0.0,False
control,0.1,12,control_p0.1_r12,1,27.02267795138889,27.02267795138889,0.0,False
control,0.1,12,control_p0.1_r12,2,27.16490885416667,27.16490885416667,0.0,False
control,0.1,12,control_p0.1_r12,3,27.168706597222226,27.168706597222226,0.0,False
control,0.1,12,control_p0.1_r12,4,27.21629774305556,27.21629774305556,0.0,False
control,0.1,12,control_p0.1_r12,5,27.17795138888889,27.17795138888889,0.0,False
control,0.1,12,control_p0.1_r12,6,27.120464409722224,27.120464409722224,0.0,False
control,0.1,12,control_p0.1_r12,7,27.229296875000003,27.229296875000003,0.0,False
control,0.1,13,control_p0.1_r13,0,27.134418402777776,27.134418402777776,0.0,False
control,0.1,13,control_p0.1_r13,1,27.2533203125,27.2533203125,0.0,False
control,0.1,13,control_p0.1_r13,2,27.24329427083333,27.24329427083333,0.0,False
control,0.1,13,control_p0.1_r13,3,27.0642578125,27.0642578125,0.0,False
control,0.1,13,control_p0.1_r13,4,27.0728515625,27.0728515625,0.0,False
control,0.1,13,control_p0.1_r13,5,27.187847222222224,27.187847222222224,0.0,False
control,0.1,13,control_p0.1_r13,6,27.20525173611111,27.20525173611111,0.0,False
control,0.1,13,control_p0.1_r13,7,27.12899305555556,27.12899305555556,0.0,False
control,0.1,14,control_p0.1_r14,0,27.192881944444444,27.192881944444444,0.0,False
control,0.1,14,control_p0.1_r14,1,27.269292534722226,27.269292534722226,0.0,False
control,0.1,14,control_p0.1_r14,2,27.146115451388887,27.146115451388887,0.0,False
control,0.1,14,control_p0.1_r14,3,27.207443576388886,27.207443576388886,0.0,False
control,0.1,14,control_p0.1_r14,4,27.132443576388887,27.132443576388887,0.0,False
control,0.1,14,control_p0.1_r14,5,27.16649305555556,27.16649305555556,0.0,False
control,0.1,14,control_p0.1_r14,6,27.13240017361111,27.13240017361111,0.0,False
control,0.1,14,control_p0.1_r14,7,27.15266927083333,27.15266927083333,0.0,False
control,0.1,15,control_p0.1_r15,0,27.07745225694444,27.07745225694444,0.0,False
control,0.1,15,control_p0.1_r15,1,27.073806423611117,27.073806423611117,0.0,False
control,0.1,15,control_p0.1_r15,2,27.191775173611106,27.191775173611106,0.0,False
control,0.1,15,control_p0.1_r15,3,27.23103298611111,27.23103298611111,0.0,False
control,0.1,15,control_p0.1_r15,4,26.9654296875,26.9654296875,0.0,False
control,0.1,15,control_p0.1_r15,5,27.18361545138889,27.18361545138889,0.0,False
control,0.1,15,control_p0.1_r15,6,27.13409288194444,27.13409288194444,0.0,False
control,0.1,15,control_p0.1_r15,7,27.116927083333334,27.116927083333334,0.0,False
control,0.1,16,control_p0.1_r16,0,27.164431423611116,27.164431423611116,0.0,False
control,0.1,16,control_p0.1_r16,1,27.116015625000003,27.116015625000003,0.0,False
control,0.1,16,control_p0.1_r16,2,27.188671875,27.188671875,0.0,False
control,0.1,16,control_p0.1_r16,3,27.13967013888889,27.13967013888889,0.0,False
control,0.1,16,control_p0.1_r16,4,27.081814236111107,27.081814236111107,0.0,False
control,0.1,16,control_p0.1_r16,5,27.02810329861111,27.02810329861111,0.0,False
control,0.1,16,control_p0.1_r16,6,27.055859375,27.055859375,0.0,False
control,0.1,16,control_p0.1_r16,7,27.05275607638889,27.05275607638889,0.0,False
control,0.1,17,control_p0.1_r17,0,27.22612847222222,27.22612847222222,0.0,False
control,0.1,17,control_p0.1_r17,1,27.174587673611107,27.174587673611107,0.0,False
control,0.1,17,control_p0.1_r17,2,27.11614583333333,27.11614583333333,0.0,False
control,0.1,17,control_p0.1_r17,3,27.0775390625,27.0775390625,0.0,False
control,0.1,17,control_p0.1_r17,4,27.228580729166666,27.228580729166666,0.0,False
control,0.1,17,control_p0.1_r17,5,27.09273003472222,27.09273003472222,0.0,False
control,0.1,17,control_p0.1_r17,6,27.187326388888888,27.187326388888888,0.0,False
control,0.1,17,control_p0.1_r17,7,27.19055989583333,27.19055989583333,0.0,False
control,0.1,18,control_p0.1_r18,0,27.225412326388888,27.225412326388888,0.0,False
control,0.1,18,control_p0.1_r18,1,27.144205729166664,27.144205729166664,0.0,False
control,0.1,18,control_p0.1_r18,2,27.247873263888884,27.247873263888884,0.0,False
control,0.1,18,control_p0.1_r18,3,27.20262586805556,27.20262586805556,0.0,False
control,0.1,18,control_p0.1_r18,4,27.256119791666663,27.256119791666663,0.0,False
control,0.1,18,control_p0.1_r18,5,27.20345052083333,27.20345052083333,0.0,False
control,0.1,18,control_p0.1_r18,6,27.149696180555555,27.149696180555555,0.0,False
control,0.1,18,control_p0.1_r18,7,27.0634765625,27.0634765625,0.0,False
control,0.1,19,control_p0.1_r19,0,27.09342447916667,27.09342447916667,0.0,False
control,0.1,19,control_p0.1_r19,1,27.234765625,27.234765625,0.0,False
control,0.1,19,control_p0.1_r19,2,27.1431640625,27.1431640625,0.0,False
control,0.1,19,control_p0.1_r19,3,27.141796875,27.141796875,0.0,False
control,0.1,19,control_p0.1_r19,4,27.079600694444444,27.079600694444444,0.0,False
control,0.1,19,control_p0.1_r19,5,27.16254340277778,27.16254340277778,0.0,False
control,0.1,19,control_p0.1_r19,6,27.146245659722226,27.146245659722226,0.0,False
control,0.1,19,control_p0.1_r19,7,27.159809027777783,27.159809027777783,0.0,False
control,0.2,0,control_p0.2_r00,0,27.18671875,27.18671875,0.0,False
control,0.2,0,control_p0.2_r00,1,27.158919270833337,27.158919270833337,0.0,False
control,0.2,0,control_p0.2_r00,2,27.23309461805556,27.23309461805556,0.0,False
control,0.2,0,control_p0.2_r00,3,27.064561631944443,27.064561631944443,0.0,False
control,0.2,0,control_p0.2_r00,4,27.034006076388888,27.034006076388888,0.0,False
control,0.2,0,control_p0.2_r00,5,27.0875,27.0875,0.0,False
control,0.2,0,control_p0.2_r00,6,27.05169270833333,27.05169270833333,0.0,False
control,0.2,0,control_p0.2_r00,7,27.172482638888887,27.172482638888887,0.0,False
control,0.2,1,control_p0.2_r01,0,27.12022569444444,27.12022569444444,0.0,False
control,0.2,1,control_p0.2_r01,1,27.11006944444444,27.11006944444444,0.0,False
control,0.2,1,control_p0.2_r01,2,27.18185763888889,27.18185763888889,0.0,False
control,0.2,1,control_p0.2_r01,3,27.072222222222223,27.072222222222223,0.0,False
control,0.2,1,control_p0.2_r01,4,27.14509548611111,27.14509548611111,0.0,False
control,0.2,1,control_p0.2_r01,5,27.01254340277778,27.01254340277778,0.0,False
control,0.2,1,control_p0.2_r01,6,27.15193142361111,27.15193142361111,0.0,False
control,0.2,1,control_p0.2_r01,7,27.17528211805556,27.17528211805556,0.0,False
control,0.2,2,control_p0.2_r02,0,27.16985677083333,27.16985677083333,0.0,False
control,0.2,2,control_p0.2_r02,1,27.05286458333333,27.05286458333333,0.0,False
control,0.2,2,control_p0.2_r02,2,27.07760416666667,27.07760416666667,0.0,False
control,0.2,2,control_p0.2_r02,3,27.210525173611117,27.210525173611117,0.0,False
control,0.2,2,control_p0.2_r02,4,27.0578125,27.0578125,0.0,False
control,0.2,2,control_p0.2_r02,5,27.10538194444444,27.10538194444444,0.0,False
control,0.2,2,control_p0.2_r02,6,27.09767795138889,27.09767795138889,0.0,False
control,0.2,2,control_p0.2_r02,7,27.23728298611111,27.23728298611111,0.0,False
control,0.2,3,control_p0.2_r03,0,26.971744791666666,26.971744791666666,0.0,False
control,0.2,3,control_p0.2_r03,1,27.266688368055554,27.266688368055554,0.0,False
control,0.2,3,control_p0.2_r03,2,27.29329427083333,27.29329427083333,0.0,False
control,0.2,3,control_p0.2_r03,3,27.182118055555552,27.182118055555552,0.0,False
control,0.2,3,control_p0.2_r03,4,27.15054253472222,27.15054253472222,0.0,False
control,0.2,3,control_p0.2_r03,5,27.273502604166666,27.273502604166666,0.0,False
control,0.2,3,control_p0.2_r03,6,27.10965711805555,27.10965711805555,0.0,False
control,0.2,3,control_p0.2_r03,7,27.1015625,27.1015625,0.0,False
control,0.2,4,control_p0.2_r04,0,27.13203125,27.13203125,0.0,False
control,0.2,4,control_p0.2_r04,1,27.109092881944445,27.109092881944445,0.0,False
control,0.2,4,control_p0.2_r04,2,27.071983506944445,27.071983506944445,0.0,False
control,0.2,4,control_p0.2_r04,3,27.019878472222224,27.019878472222224,0.0,False
control,0.2,4,control_p0.2_r04,4,27.169986979166666,27.169986979166666,0.0,False
control,0.2,4,control_p0.2_r04,5,27.07358940972222,27.07358940972222,0.0,False
control,0.2,4,control_p0.2_r04,6,27.199934895833334,27.199934895833334,0.0,False
control,0.2,4,control_p0.2_r04,7,27.08559027777778,27.08559027777778,0.0,False
control,0.2,5,control_p0.2_r05,0,27.161675347222214,27.161675347222214,0.0,False
control,0.2,5,control_p0.2_r05,1,27.167968750000004,27.167968750000004,0.0,False
control,0.2,5,control_p0.2_r05,2,27.153059895833337,27.153059895833337,0.0,False
control,0.2,5,control_p0.2_r05,3,27.214388020833333,27.214388020833333,0.0,False
control,0.2,5,control_p0.2_r05,4,27.01773003472222,27.01773003472222,0.0,False
control,0.2,5,control_p0.2_r05,5,27.083463541666664,27.083463541666664,0.0,False
control,0.2,5,control_p0.2_r05,6,27.174869791666666,27.174869791666666,0.0,False
control,0.2,5,control_p0.2_r05,7,27.09895833333333,27.09895833333333,0.0,False
control,0.2,6,control_p0.2_r06,0,27.1900390625,27.1900390625,0.0,False
control,0.2,6,control_p0.2_r06,1,27.08133680555555,27.08133680555555,0.0,False
control,0.2,6,control_p0.2_r06,2,27.043663194444445,27.043663194444445,0.0,False
control,0.2,6,control_p0.2_r06,3,27.171484375,27.171484375,0.0,False
control,0.2,6,control_p0.2_r06,4,27.04079861111111,27.04079861111111,0.0,False
control,0.2,6,control_p0.2_r06,5,27.065993923611117,27.065993923611117,0.0,False
control,0.2,6,control_p0.2_r06,6,27.297656250000003,27.297656250000003,0.0,False
control,0.2,6,control_p0.2_r06,7,27.04409722222222,27.04409722222222,0.0,False
control,0.2,7,control_p0.2_r07,0,27.12888454861111,27.12888454861111,0.0,False
control,0.2,7,control_p0.2_r07,1,27.261827256944443,27.261827256944443,0.0,False
control,0.2,7,control_p0.2_r07,2,27.1564453125,27.1564453125,0.0,False
control,0.2,7,control_p0.2_r07,3,27.142947048611116,27.142947048611116,0.0,False
control,0.2,7,control_p0.2_r07,4,27.123155381944443,27.123155381944443,0.0,False
control,0.2,7,control_p0.2_r07,5,27.28439670138889,27.28439670138889,0.0,False
control,0.2,7,control_p0.2_r07,6,27.14071180555556,27.14071180555556,0.0,False
control,0.2,7,control_p0.2_r07,7,27.15759548611111,27.15759548611111,0.0,False
control,0.2,8,control_p0.2_r08,0,27.11677517361111,27.11677517361111,0.0,False
control,0.2,8,control_p0.2_r08,1,27.13279079861111,27.13279079861111,0.0,False
control,0.2,8,control_p0.2_r08,2,27.156879340277776,27.156879340277776,0.0,False
control,0.2,8,control_p0.2_r08,3,27.18177083333333,27.18177083333333,0.0,False
control,0.2,8,control_p0.2_r08,4,27.14346788194444,27.14346788194444,0.0,False
control,0.2,8,control_p0.2_r08,5,27.11720920138889,27.11720920138889,0.0,False
control,0.2,8,control_p0.2_r08,6,27.168576388888887,27.168576388888887,0.0,False
control,0.2,8,control_p0.2_r08,7,27.1369140625,27.1369140625,0.0,False
control,0.2,9,control_p0.2_r09,0,27.19036458333333,27.19036458333333,0.0,False
control,0.2,9,control_p0.2_r09,1,27.091167534722224,27.091167534722224,0.0,False
control,0.2,9,control_p0.2_r09,2,27.106944444444444,27.106944444444444,0.0,False
control,0.2,9,control_p0.2_r09,3,27.24698350694444,27.24698350694444,0.0,False
control,0.2,9,control_p0.2_r09,4,27.07243923611112,27.07243923611112,0.0,False
control,0.2,9,control_p0.2_r09,5,27.16879340277778,27.16879340277778,0.0,False
control,0.2,9,control_p0.2_r09,6,27.068836805555563,27.068836805555563,0.0,False
control,0.2,9,control_p0.2_r09,7,27.05620659722222,27.05620659722222,0.0,False
control,0.2,10,control_p0.2_r10,0,27.13734809027777,27.13734809027777,0.0,False
control,0.2,10,control_p0.2_r10,1,27.07078993055556,27.07078993055556,0.0,False
control,0.2,10,control_p0.2_r10,2,27.20264756944444,27.20264756944444,0.0,False
control,0.2,10,control_p0.2_r10,3,27.11388888888889,27.11388888888889,0.0,False
control,0.2,10,control_p0.2_r10,4,27.15766059027778,27.15766059027778,0.0,False
control,0.2,10,control_p0.2_r10,5,26.992252604166666,26.992252604166666,0.0,False
control,0.2,10,control_p0.2_r10,6,27.061631944444443,27.061631944444443,0.0,False
control,0.2,10,control_p0.2_r10,7,27.026475694444446,27.026475694444446,0.0,False
control,0.2,11,control_p0.2_r11,0,27.20149739583333,27.20149739583333,0.0,False
control,0.2,11,control_p0.2_r11,1,27.209375,27.209375,0.0,False
control,0.2,11,control_p0.2_r11,2,27.146875,27.146875,0.0,False
control,0.2,11,control_p0.2_r11,3,27.250477430555563,27.250477430555563,0.0,False
control,0.2,11,control_p0.2_r11,4,27.17189670138889,27.17189670138889,0.0,False
control,0.2,11,control_p0.2_r11,5,27.177907986111112,27.177907986111112,0.0,False
control,0.2,11,control_p0.2_r11,6,27.2162109375,27.2162109375,0.0,False
control,0.2,11,control_p0.2_r11,7,27.048415798611117,27.048415798611117,0.0,False
control,0.2,12,control_p0.2_r12,0,27.08433159722222,27.08433159722222,0.0,False
control,0.2,12,control_p0.2_r12,1,27.082812500000003,27.082812500000003,0.0,False
control,0.2,12,control_p0.2_r12,2,27.026866319444444,27.026866319444444,0.0,False
control,0.2,12,control_p0.2_r12,3,27.08723958333333,27.08723958333333,0.0,False
control,0.2,12,control_p0.2_r12,4,27.17827690972222,27.17827690972222,0.0,False
control,0.2,12,control_p0.2_r12,5,27.05110677083333,27.05110677083333,0.0,False
control,0.2,12,control_p0.2_r12,6,27.163172743055554,27.163172743055554,0.0,False
control,0.2,12,control_p0.2_r12,7,27.15540364583333,27.15540364583333,0.0,False
control,0.2,13,control_p0.2_r13,0,27.178428819444445,27.178428819444445,0.0,False
control,0.2,13,control_p0.2_r13,1,27.09726562500001,27.09726562500001,0.0,False
control,0.2,13,control_p0.2_r13,2,27.079709201388887,27.079709201388887,0.0,False
control,0.2,13,control_p0.2_r13,3,26.99841579861111,26.99841579861111,0.0,False
control,0.2,13,control_p0.2_r13,4,27.079709201388887,27.079709201388887,0.0,False
control,0.2,13,control_p0.2_r13,5,27.1595703125,27.1595703125,0.0,False
control,0.2,13,control_p0.2_r13,6,27.124479166666664,27.124479166666664,0.0,False
control,0.2,13,control_p0.2_r13,7,27.20440538194445,27.20440538194445,0.0,False
control,0.2,14,control_p0.2_r14,0,27.080598958333333,27.080598958333333,0.0,False
control,0.2,14,control_p0.2_r14,1,27.089496527777776,27.089496527777776,0.0,False
control,0.2,14,control_p0.2_r14,2,27.10729166666667,27.10729166666667,0.0,False
control,0.2,14,control_p0.2_r14,3,27.161241319444446,27.161241319444446,0.0,False
control,0.2,14,control_p0.2_r14,4,27.181901041666663,27.181901041666663,0.0,False
control,0.2,14,control_p0.2_r14,5,27.142100694444444,27.142100694444444,0.0,False
control,0.2,14,control_p0.2_r14,6,27.144509548611115,27.144509548611115,0.0,False
control,0.2,14,control_p0.2_r14,7,27.119552951388886,27.119552951388886,0.0,False
control,0.2,15,control_p0.2_r15,0,27.147699652777774,27.147699652777774,0.0,False
control,0.2,15,control_p0.2_r15,1,27.2078125,27.2078125,0.0,False
control,0.2,15,control_p0.2_r15,2,27.07413194444445,27.07413194444445,0.0,False
control,0.2,15,control_p0.2_r15,3,27.10141059027778,27.10141059027778,0.0,False
control,0.2,15,control_p0.2_r15,4,27.10544704861111,27.10544704861111,0.0,False
control,0.2,15,control_p0.2_r15,5,27.22278645833333,27.22278645833333,0.0,False
control,0.2,15,control_p0.2_r15,6,27.12063802083333,27.12063802083333,0.0,False
control,0.2,15,control_p0.2_r15,7,27.12528211805555,27.12528211805555,0.0,False
control,0.2,16,control_p0.2_r16,0,27.13446180555556,27.13446180555556,0.0,False
control,0.2,16,control_p0.2_r16,1,27.123090277777777,27.123090277777777,0.0,False
control,0.2,16,control_p0.2_r16,2,27.136718749999996,27.136718749999996,0.0,False
control,0.2,16,control_p0.2_r16,3,27.080186631944443,27.080186631944443,0.0,False
control,0.2,16,control_p0.2_r16,4,27.10182291666667,27.10182291666667,0.0,False
control,0.2,16,control_p0.2_r16,5,27.16399739583333,27.16399739583333,0.0,False
control,0.2,16,control_p0.2_r16,6,27.19327256944444,27.19327256944444,0.0,False
control,0.2,16,control_p0.2_r16,7,27.17669270833333,27.17669270833333,0.0,False
control,0.2,17,control_p0.2_r17,0,27.23515625,27.23515625,0.0,False
control,0.2,17,control_p0.2_r17,1,27.22582465277777,27.22582465277777,0.0,False
control,0.2,17,control_p0.2_r17,2,27.12697482638889,27.12697482638889,0.0,False
control,0.2,17,control_p0.2_r17,3,27.13357204861111,27.13357204861111,0.0,False
control,0.2,17,control_p0.2_r17,4,27.256163194444447,27.256163194444447,0.0,False
control,0.2,17,control_p0.2_r17,5,27.187912326388886,27.187912326388886,0.0,False
control,0.2,17,control_p0.2_r17,6,27.2009765625,27.2009765625,0.0,False
control,0.2,17,control_p0.2_r17,7,27.12417534722222,27.12417534722222,0.0,False
control,0.2,18,control_p0.2_r18,0,27.172330729166667,27.172330729166667,0.0,False
control,0.2,18,control_p0.2_r18,1,27.158745659722214,27.158745659722214,0.0,False
control,0.2,18,control_p0.2_r18,2,27.02191840277778,27.02191840277778,0.0,False
control,0.2,18,control_p0.2_r18,3,27.21280381944445,27.21280381944445,0.0,False
control,0.2,18,control_p0.2_r18,4,27.122591145833333,27.122591145833333,0.0,False
control,0.2,18,control_p0.2_r18,5,27.10568576388889,27.10568576388889,0.0,False
control,0.2,18,control_p0.2_r18,6,27.20596788194445,27.20596788194445,0.0,False
control,0.2,18,control_p0.2_r18,7,27.171614583333337,27.171614583333337,0.0,False
control,0.2,19,control_p0.2_r19,0,27.34641927083333,27.34641927083333,0.0,False
control,0.2,19,control_p0.2_r19,1,27.14663628472222,27.14663628472222,0.0,False
control,0.2,19,control_p0.2_r19,2,27.1353515625,27.1353515625,0.0,False
control,0.2,19,control_p0.2_r19,3,27.18943142361111,27.18943142361111,0.0,False
control,0.2,19,control_p0.2_r19,4,27.11961805555556,27.11961805555556,0.0,False
control,0.2,19,control_p0.2_r19,5,27.079144965277777,27.079144965277777,0.0,False
control,0.2,19,control_p0.2_r19,6,27.1982421875,27.1982421875,0.0,False
control,0.2,19,control_p0.2_r19,7,27.03435329861111,27.03435329861111,0.0,False
control,0.3,0,control_p0.3_r00,0,27.071592881944447,27.071592881944447,0.0,False
control,0.3,0,control_p0.3_r00,1,27.17371961805556,27.17371961805556,0.0,False
control,0.3,0,control_p0.3_r00,2,27.11955295138889,27.11955295138889,0.0,False
control,0.3,0,control_p0.3_r00,3,27.07022569444444,27.07022569444444,0.0,False
control,0.3,0,control_p0.3_r00,4,27.215885416666666,27.215885416666666,0.0,False
control,0.3,0,control_p0.3_r00,5,27.14661458333333,27.14661458333333,0.0,False
control,0.3,0,control_p0.3_r00,6,27.20690104166667,27.20690104166667,0.0,False
control,0.3,0,control_p0.3_r00,7,27.1630859375,27.1630859375,0.0,False
control,0.3,1,control_p0.3_r01,0,27.22801649305556,27.22801649305556,0.0,False
control,0.3,1,control_p0.3_r01,1,27.14989149305556,27.14989149305556,0.0,False
control,0.3,1,control_p0.3_r01,2,27.18363715277778,27.18363715277778,0.0,False
control,0.3,1,control_p0.3_r01,3,27.167686631944445,27.167686631944445,0.0,False
control,0.3,1,control_p0.3_r01,4,27.24563802083333,27.24563802083333,0.0,False
control,0.3,1,control_p0.3_r01,5,27.13634982638889,27.13634982638889,0.0,False
control,0.3,1,control_p0.3_r01,6,27.053819444444443,27.053819444444443,0.0,False
control,0.3,1,control_p0.3_r01,7,27.120269097222224,27.120269097222224,0.0,False
control,0.3,2,control_p0.3_r02,0,27.10651041666667,27.10651041666667,0.0,False
control,0.3,2,control_p0.3_r02,1,27.255620659722226,27.255620659722226,0.0,False
control,0.3,2,control_p0.3_r02,2,27.18305121527778,27.18305121527778,0.0,False
control,0.3,2,control_p0.3_r02,3,27.096354166666668,27.096354166666668,0.0,False
control,0.3,2,control_p0.3_r02,4,27.18107638888889,27.18107638888889,0.0,False
control,0.3,2,control_p0.3_r02,5,27.10227864583333,27.10227864583333,0.0,False
control,0.3,2,control_p0.3_r02,6,27.12699652777778,27.12699652777778,0.0,False
control,0.3,2,control_p0.3_r02,7,27.09700520833333,27.09700520833333,0.0,False
control,0.3,3,control_p0.3_r03,0,27.14131944444445,27.14131944444445,0.0,False
control,0.3,3,control_p0.3_r03,1,27.045442708333333,27.045442708333333,0.0,False
control,0.3,3,control_p0.3_r03,2,27.10345052083333,27.10345052083333,0.0,False
control,0.3,3,control_p0.3_r03,3,27.18860677083333,27.18860677083333,0.0,False
control,0.3,3,control_p0.3_r03,4,27.239778645833336,27.239778645833336,0.0,False
control,0.3,3,control_p0.3_r03,5,27.11375868055556,27.11375868055556,0.0,False
control,0.3,3,control_p0.3_r03,6,27.18357204861111,27.18357204861111,0.0,False
control,0.3,3,control_p0.3_r03,7,27.07860243055556,27.07860243055556,0.0,False
control,0.3,4,control_p0.3_r04,0,27.011979166666663,27.011979166666663,0.0,False
control,0.3,4,control_p0.3_r04,1,27.106640625000004,27.106640625000004,0.0,False
control,0.3,4,control_p0.3_r04,2,27.17569444444444,27.17569444444444,0.0,False
control,0.3,4,control_p0.3_r04,3,27.09140625,27.09140625,0.0,False
control,0.3,4,control_p0.3_r04,4,27.14253472222222,27.14253472222222,0.0,False
control,0.3,4,control_p0.3_r04,5,27.20499131944444,27.20499131944444,0.0,False
control,0.3,4,control_p0.3_r04,6,27.22398003472222,27.22398003472222,0.0,False
control,0.3,4,control_p0.3_r04,7,27.17914496527778,27.17914496527778,0.0,False
control,0.3,5,control_p0.3_r05,0,27.201562500000005,27.201562500000005,0.0,False
control,0.3,5,control_p0.3_r05,1,27.08591579861111,27.08591579861111,0.0,False
control,0.3,5,control_p0.3_r05,2,27.15811631944445,27.15811631944445,0.0,False
control,0.3,5,control_p0.3_r05,3,27.13960503472222,27.13960503472222,0.0,False
control,0.3,5,control_p0.3_r05,4,27.19129774305556,27.19129774305556,0.0,False
control,0.3,5,control_p0.3_r05,5,27.17020399305556,27.17020399305556,0.0,False
control,0.3,5,control_p0.3_r05,6,27.16833767361111,27.16833767361111,0.0,False
control,0.3,5,control_p0.3_r05,7,27.13205295138889,27.13205295138889,0.0,False
control,0.3,6,control_p0.3_r06,0,27.154796006944444,27.154796006944444,0.0,False
control,0.3,6,control_p0.3_r06,1,27.227408854166665,27.227408854166665,0.0,False
control,0.3,6,control_p0.3_r06,2,27.06937934027778,27.06937934027778,0.0,False
control,0.3,6,control_p0.3_r06,3,27.228776041666663,27.228776041666663,0.0,False
control,0.3,6,control_p0.3_r06,4,27.134874131944443,27.134874131944443,0.0,False
control,0.3,6,control_p0.3_r06,5,27.188064236111117,27.188064236111117,0.0,False
control,0.3,6,control_p0.3_r06,6,27.047330729166667,27.047330729166667,0.0,False
control,0.3,6,control_p0.3_r06,7,27.07814670138889,27.07814670138889,0.0,False
control,0.3,7,control_p0.3_r07,0,27.33174913194445,27.33174913194445,0.0,False
control,0.3,7,control_p0.3_r07,1,27.11569010416667,27.11569010416667,0.0,False
control,0.3,7,control_p0.3_r07,2,27.220703125,27.220703125,0.0,False
control,0.3,7,control_p0.3_r07,3,27.164626736111117,27.164626736111117,0.0,False
control,0.3,7,control_p0.3_r07,4,27.15707465277778,27.15707465277778,0.0,False
control,0.3,7,control_p0.3_r07,5,27.208745659722226,27.208745659722226,0.0,False
control,0.3,7,control_p0.3_r07,6,27.10321180555556,27.10321180555556,0.0,False
control,0.3,7,control_p0.3_r07,7,27.1728515625,27.1728515625,0.0,False
control,0.3,8,control_p0.3_r08,0,27.132009548611112,27.132009548611112,0.0,False
control,0.3,8,control_p0.3_r08,1,27.08344184027777,27.08344184027777,0.0,False
control,0.3,8,control_p0.3_r08,2,27.049544270833334,27.049544270833334,0.0,False
control,0.3,8,control_p0.3_r08,3,27.199110243055557,27.199110243055557,0.0,False
control,0.3,8,control_p0.3_r08,4,27.18650173611111,27.18650173611111,0.0,False
control,0.3,8,control_p0.3_r08,5,27.12875434027778,27.12875434027778,0.0,False
control,0.3,8,control_p0.3_r08,6,27.099696180555554,27.099696180555554,0.0,False
control,0.3,8,control_p0.3_r08,7,27.156423611111112,27.156423611111112,0.0,False
control,0.3,9,control_p0.3_r09,0,27.12892795138889,27.12892795138889,0.0,False
control,0.3,9,control_p0.3_r09,1,27.21534288194444,27.21534288194444,0.0,False
control,0.3,9,control_p0.3_r09,2,27.313650173611105,27.313650173611105,0.0,False
control,0.3,9,control_p0.3_r09,3,27.32102864583333,27.32102864583333,0.0,False
control,0.3,9,control_p0.3_r09,4,27.13350694444445,27.13350694444445,0.0,False
control,0.3,9,control_p0.3_r09,5,27.14578993055555,27.14578993055555,0.0,False
control,0.3,9,control_p0.3_r09,6,27.143294270833334,27.143294270833334,0.0,False
control,0.3,9,control_p0.3_r09,7,27.15518663194445,27.15518663194445,0.0,False
control,0.3,10,control_p0.3_r10,0,27.202105034722223,27.202105034722223,0.0,False
control,0.3,10,control_p0.3_r10,1,27.10572916666667,27.10572916666667,0.0,False
control,0.3,10,control_p0.3_r10,2,27.157877604166664,27.157877604166664,0.0,False
control,0.3,10,control_p0.3_r10,3,27.192795138888886,27.192795138888886,0.0,False
control,0.3,10,control_p0.3_r10,4,27.17074652777778,27.17074652777778,0.0,False
control,0.3,10,control_p0.3_r10,5,27.06004774305556,27.06004774305556,0.0,False
control,0.3,10,control_p0.3_r10,6,27.1240234375,27.1240234375,0.0,False
control,0.3,10,control_p0.3_r10,7,27.135850694444443,27.135850694444443,0.0,False
control,0.3,11,control_p0.3_r11,0,27.15125868055556,27.15125868055556,0.0,False
control,0.3,11,control_p0.3_r11,1,27.23674045138889,27.23674045138889,0.0,False
control,0.3,11,control_p0.3_r11,2,27.233658854166663,27.233658854166663,0.0,False
control,0.3,11,control_p0.3_r11,3,27.02799479166667,27.02799479166667,0.0,False
control,0.3,11,control_p0.3_r11,4,27.16317274305556,27.16317274305556,0.0,False
control,0.3,11,control_p0.3_r11,5,27.23474392361111,27.23474392361111,0.0,False
control,0.3,11,control_p0.3_r11,6,27.19837239583333,27.19837239583333,0.0,False
control,0.3,11,control_p0.3_r11,7,27.232964409722214,27.232964409722214,0.0,False
control,0.3,12,control_p0.3_r12,0,27.192252604166665,27.192252604166665,0.0,False
control,0.3,12,control_p0.3_r12,1,27.147634548611112,27.147634548611112,0.0,False
control,0.3,12,control_p0.3_r12,2,27.06918402777778,27.06918402777778,0.0,False
control,0.3,12,control_p0.3_r12,3,27.13986545138889,27.13986545138889,0.0,False
control,0.3,12,control_p0.3_r12,4,27.121180555555554,27.121180555555554,0.0,False
control,0.3,12,control_p0.3_r12,5,27.13404947916667,27.13404947916667,0.0,False
control,0.3,12,control_p0.3_r12,6,27.14639756944445,27.14639756944445,0.0,False
control,0.3,12,control_p0.3_r12,7,27.15627170138889,27.15627170138889,0.0,False
control,0.3,13,control_p0.3_r13,0,27.189518229166666,27.189518229166666,0.0,False
control,0.3,13,control_p0.3_r13,1,27.14620225694445,27.14620225694445,0.0,False
control,0.3,13,control_p0.3_r13,2,27.09939236111111,27.09939236111111,0.0,False
control,0.3,13,control_p0.3_r13,3,26.98563368055555,26.98563368055555,0.0,False
control,0.3,13,control_p0.3_r13,4,27.101323784722226,27.101323784722226,0.0,False
control,0.3,13,control_p0.3_r13,5,27.104535590277777,27.104535590277777,0.0,False
control,0.3,13,control_p0.3_r13,6,27.238585069444447,27.238585069444447,0.0,False
control,0.3,13,control_p0.3_r13,7,27.22766927083333,27.22766927083333,0.0,False
control,0.3,14,control_p0.3_r14,0,27.15496961805556,27.15496961805556,0.0,False
control,0.3,14,control_p0.3_r14,1,27.139908854166663,27.139908854166663,0.0,False
control,0.3,14,control_p0.3_r14,2,27.129079861111112,27.129079861111112,0.0,False
control,0.3,14,control_p0.3_r14,3,27.220247395833336,27.220247395833336,0.0,False
control,0.3,14,control_p0.3_r14,4,27.230772569444447,27.230772569444447,0.0,False
control,0.3,14,control_p0.3_r14,5,27.197677951388886,27.197677951388886,0.0,False
control,0.3,14,control_p0.3_r14,6,27.178428819444445,27.178428819444445,0.0,False
control,0.3,14,control_p0.3_r14,7,27.09696180555555,27.09696180555555,0.0,False
control,0.3,15,control_p0.3_r15,0,27.125520833333336,27.125520833333336,0.0,False
control,0.3,15,control_p0.3_r15,1,27.19522569444445,27.19522569444445,0.0,False
control,0.3,15,control_p0.3_r15,2,27.10004340277778,27.10004340277778,0.0,False
control,0.3,15,control_p0.3_r15,3,27.13782552083333,27.13782552083333,0.0,False
control,0.3,15,control_p0.3_r15,4,27.142013888888883,27.142013888888883,0.0,False
control,0.3,15,control_p0.3_r15,5,27.154730902777786,27.154730902777786,0.0,False
control,0.3,15,control_p0.3_r15,6,27.12502170138889,27.12502170138889,0.0,False
control,0.3,15,control_p0.3_r15,7,27.04950086805555,27.04950086805555,0.0,False
control,0.3,16,control_p0.3_r16,0,27.18220486111111,27.18220486111111,0.0,False
control,0.3,16,control_p0.3_r16,1,27.09696180555555,27.09696180555555,0.0,False
control,0.3,16,control_p0.3_r16,2,27.173307291666667,27.173307291666667,0.0,False
control,0.3,16,control_p0.3_r16,3,27.098025173611116,27.098025173611116,0.0,False
control,0.3,16,control_p0.3_r16,4,27.188281250000003,27.188281250000003,0.0,False
control,0.3,16,control_p0.3_r16,5,27.23973524305556,27.23973524305556,0.0,False
control,0.3,16,control_p0.3_r16,6,27.036653645833333,27.036653645833333,0.0,False
control,0.3,16,control_p0.3_r16,7,27.240733506944444,27.240733506944444,0.0,False
control,0.3,17,control_p0.3_r17,0,27.140690104166666,27.140690104166666,0.0,False
control,0.3,17,control_p0.3_r17,1,27.110655381944444,27.110655381944444,0.0,False
control,0.3,17,control_p0.3_r17,2,27.057139756944444,27.057139756944444,0.0,False
control,0.3,17,control_p0.3_r17,3,27.11423611111111,27.11423611111111,0.0,False
control,0.3,17,control_p0.3_r17,4,27.21801215277777,27.21801215277777,0.0,False
control,0.3,17,control_p0.3_r17,5,27.0748046875,27.0748046875,0.0,False
control,0.3,17,control_p0.3_r17,6,27.160937500000003,27.160937500000003,0.0,False
control,0.3,17,control_p0.3_r17,7,27.183203125,27.183203125,0.0,False
control,0.3,18,control_p0.3_r18,0,27.138519965277776,27.138519965277776,0.0,False
control,0.3,18,control_p0.3_r18,1,27.123719618055556,27.123719618055556,0.0,False
control,0.3,18,control_p0.3_r18,2,27.1462890625,27.1462890625,0.0,False
control,0.3,18,control_p0.3_r18,3,27.150065104166668,27.150065104166668,0.0,False
control,0.3,18,control_p0.3_r18,4,27.085394965277786,27.085394965277786,0.0,False
control,0.3,18,control_p0.3_r18,5,27.167643229166668,27.167643229166668,0.0,False
control,0.3,18,control_p0.3_r18,6,27.150173611111107,27.150173611111107,0.0,False
control,0.3,18,control_p0.3_r18,7,27.17586805555556,27.17586805555556,0.0,False
control,0.3,19,control_p0.3_r19,0,27.17562934027778,27.17562934027778,0.0,False
control,0.3,19,control_p0.3_r19,1,27.21037326388889,27.21037326388889,0.0,False
control,0.3,19,control_p0.3_r19,2,27.18689236111111,27.18689236111111,0.0,False
control,0.3,19,control_p0.3_r19,3,27.15184461805556,27.15184461805556,0.0,False
control,0.3,19,control_p0.3_r19,4,27.125173611111112,27.125173611111112,0.0,False
control,0.3,19,control_p0.3_r19,5,27.217513020833334,27.217513020833334,0.0,False
control,0.3,19,control_p0.3_r19,6,27.09500868055556,27.09500868055556,0.0,False
control,0.3,19,control_p0.3_r19,7,27.158355034722227,27.158355034722227,0.0,False
control,0.4,0,control_p0.4_r00,0,27.123003472222223,27.123003472222223,0.0,False
control,0.4,0,control_p0.4_r00,1,27.129427083333336,27.129427083333336,0.0,False
control,0.4,0,control_p0.4_r00,2,27.078971354166665,27.078971354166665,0.0,False
control,0.4,0,control_p0.4_r00,3,27.116471354166663,27.116471354166663,0.0,False
control,0.4,0,control_p0.4_r00,4,27.096050347222217,27.096050347222217,0.0,False
control,0.4,0,control_p0.4_r00,5,27.315538194444446,27.315538194444446,0.0,False
control,0.4,0,control_p0.4_r00,6,27.017317708333337,27.017317708333337,0.0,False
control,0.4,0,control_p0.4_r00,7,27.1861328125,27.1861328125,0.0,False
control,0.4,1,control_p0.4_r01,0,27.169986979166666,27.169986979166666,0.0,False
control,0.4,1,control_p0.4_r01,1,27.19704861111111,27.19704861111111,0.0,False
control,0.4,1,control_p0.4_r01,2,27.06764322916667,27.06764322916667,0.0,False
control,0.4,1,control_p0.4_r01,3,27.023719618055555,27.023719618055555,0.0,False
control,0.4,1,control_p0.4_r01,4,27.067339409722223,27.067339409722223,0.0,False
control,0.4,1,control_p0.4_r01,5,27.150737847222224,27.150737847222224,0.0,False
control,0.4,1,control_p0.4_r01,6,27.066059027777783,27.066059027777783,0.0,False
control,0.4,1,control_p0.4_r01,7,27.189105902777776,27.189105902777776,0.0,False
control,0.4,2,control_p0.4_r02,0,27.13220486111112,27.13220486111112,0.0,False
control,0.4,2,control_p0.4_r02,1,27.184678819444446,27.184678819444446,0.0,False
control,0.4,2,control_p0.4_r02,2,27.070616319444447,27.070616319444447,0.0,False
control,0.4,2,control_p0.4_r02,3,27.122569444444444,27.122569444444444,0.0,False
control,0.4,2,control_p0.4_r02,4,27.038823784722226,27.038823784722226,0.0,False
control,0.4,2,control_p0.4_r02,5,27.09275173611111,27.09275173611111,0.0,False
control,0.4,2,control_p0.4_r02,6,27.24594184027778,27.24594184027778,0.0,False
control,0.4,2,control_p0.4_r02,7,27.08066406250001,27.08066406250001,0.0,False
control,0.4,3,control_p0.4_r03,0,27.07931857638889,27.07931857638889,0.0,False
control,0.4,3,control_p0.4_r03,1,27.055729166666666,27.055729166666666,0.0,False
control,0.4,3,control_p0.4_r03,2,27.098307291666664,27.098307291666664,0.0,False
control,0.4,3,control_p0.4_r03,3,27.16571180555556,27.16571180555556,0.0,False
control,0.4,3,control_p0.4_r03,4,27.09861111111111,27.09861111111111,0.0,False
control,0.4,3,control_p0.4_r03,5,27.16178385416667,27.16178385416667,0.0,False
control,0.4,3,control_p0.4_r03,6,27.048133680555555,27.048133680555555,0.0,False
control,0.4,3,control_p0.4_r03,7,27.12599826388889,27.12599826388889,0.0,False
control,0.4,4,control_p0.4_r04,0,27.080620659722214,27.080620659722214,0.0,False
control,0.4,4,control_p0.4_r04,1,27.135698784722223,27.135698784722223,0.0,False
control,0.4,4,control_p0.4_r04,2,27.21434461805556,27.21434461805556,0.0,False
control,0.4,4,control_p0.4_r04,3,27.069856770833333,27.069856770833333,0.0,False
control,0.4,4,control_p0.4_r04,4,27.03062065972222,27.03062065972222,0.0,False
control,0.4,4,control_p0.4_r04,5,27.22643229166667,27.22643229166667,0.0,False
control,0.4,4,control_p0.4_r04,6,27.222526041666672,27.222526041666672,0.0,False
control,0.4,4,control_p0.4_r04,7,27.18793402777778,27.18793402777778,0.0,False
control,0.4,5,control_p0.4_r05,0,27.165147569444443,27.165147569444443,0.0,False
control,0.4,5,control_p0.4_r05,1,27.22094184027777,27.22094184027777,0.0,False
control,0.4,5,control_p0.4_r05,2,27.174131944444444,27.174131944444444,0.0,False
control,0.4,5,control_p0.4_r05,3,27.09461805555556,27.09461805555556,0.0,False
control,0.4,5,control_p0.4_r05,4,27.038888888888888,27.038888888888888,0.0,False
control,0.4,5,control_p0.4_r05,5,27.04262152777778,27.04262152777778,0.0,False
control,0.4,5,control_p0.4_r05,6,27.10271267361111,27.10271267361111,0.0,False
control,0.4,5,control_p0.4_r05,7,27.168250868055555,27.168250868055555,0.0,False
control,0.4,6,control_p0.4_r06,0,27.21859809027778,27.21859809027778,0.0,False
control,0.4,6,control_p0.4_r06,1,27.16440972222222,27.16440972222222,0.0,False
control,0.4,6,control_p0.4_r06,2,27.077300347222224,27.077300347222224,0.0,False
control,0.4,6,control_p0.4_r06,3,27.05679253472222,27.05679253472222,0.0,False
control,0.4,6,control_p0.4_r06,4,27.165321180555555,27.165321180555555,0.0,False
control,0.4,6,control_p0.4_r06,5,27.03919270833333,27.03919270833333,0.0,False
control,0.4,6,control_p0.4_r06,6,27.207421875,27.207421875,0.0,False
control,0.4,6,control_p0.4_r06,7,27.128689236111107,27.128689236111107,0.0,False
control,0.4,7,control_p0.4_r07,0,27.09338107638889,27.09338107638889,0.0,False
control,0.4,7,control_p0.4_r07,1,27.03797743055556,27.03797743055556,0.0,False
control,0.4,7,control_p0.4_r07,2,27.131662326388888,27.131662326388888,0.0,False
control,0.4,7,control_p0.4_r07,3,27.221115451388883,27.221115451388883,0.0,False
control,0.4,7,control_p0.4_r07,4,27.134613715277776,27.134613715277776,0.0,False
control,0.4,7,control_p0.4_r07,5,27.04939236111111,27.04939236111111,0.0,False
control,0.4,7,control_p0.4_r07,6,27.07003038194445,27.07003038194445,0.0,False
control,0.4,7,control_p0.4_r07,7,27.09520399305556,27.09520399305556,0.0,False
control,0.4,8,control_p0.4_r08,0,27.10492621527778,27.10492621527778,0.0,False
control,0.4,8,control_p0.4_r08,1,27.1744140625,27.1744140625,0.0,False
control,0.4,8,control_p0.4_r08,2,27.23888888888889,27.23888888888889,0.0,False
control,0.4,8,control_p0.4_r08,3,27.15436197916667,27.15436197916667,0.0,False
control,0.4,8,control_p0.4_r08,4,27.0818359375,27.0818359375,0.0,False
control,0.4,8,control_p0.4_r08,5,27.137348090277783,27.137348090277783,0.0,False
control,0.4,8,control_p0.4_r08,6,27.06493055555556,27.06493055555556,0.0,False
control,0.4,8,control_p0.4_r08,7,27.15629340277778,27.15629340277778,0.0,False
control,0.4,9,control_p0.4_r09,0,27.100368923611114,27.100368923611114,0.0,False
control,0.4,9,control_p0.4_r09,1,27.09730902777777,27.09730902777777,0.0,False
control,0.4,9,control_p0.4_r09,2,27.17159288194445,27.17159288194445,0.0,False
control,0.4,9,control_p0.4_r09,3,27.160677083333336,27.160677083333336,0.0,False
control,0.4,9,control_p0.4_r09,4,27.05993923611111,27.05993923611111,0.0,False
control,0.4,9,control_p0.4_r09,5,27.19379340277778,27.19379340277778,0.0,False
control,0.4,9,control_p0.4_r09,6,27.17790798611111,27.17790798611111,0.0,False
control,0.4,9,control_p0.4_r09,7,27.085481770833336,27.085481770833336,0.0,False
control,0.4,10,control_p0.4_r10,0,27.08938802083333,27.08938802083333,0.0,False
control,0.4,10,control_p0.4_r10,1,27.229318576388888,27.229318576388888,0.0,False
control,0.4,10,control_p0.4_r10,2,27.118598090277786,27.118598090277786,0.0,False
control,0.4,10,control_p0.4_r10,3,27.141015625,27.141015625,0.0,False
control,0.4,10,control_p0.4_r10,4,27.06022135416667,27.06022135416667,0.0,False
control,0.4,10,control_p0.4_r10,5,27.08096788194445,27.08096788194445,0.0,False
control,0.4,10,control_p0.4_r10,6,27.038129340277777,27.038129340277777,0.0,False
control,0.4,10,control_p0.4_r10,7,27.15201822916667,27.15201822916667,0.0,False
control,0.4,11,control_p0.4_r11,0,27.204448784722228,27.204448784722228,0.0,False
control,0.4,11,control_p0.4_r11,1,26.982378472222223,26.982378472222223,0.0,False
control,0.4,11,control_p0.4_r11,2,27.08103298611111,27.08103298611111,0.0,False
control,0.4,11,control_p0.4_r11,3,27.24105902777778,27.24105902777778,0.0,False
control,0.4,11,control_p0.4_r11,4,27.102604166666666,27.102604166666666,0.0,False
control,0.4,11,control_p0.4_r11,5,27.12013888888889,27.12013888888889,0.0,False
control,0.4,11,control_p0.4_r11,6,27.0830078125,27.0830078125,0.0,False
control,0.4,11,control_p0.4_r11,7,27.26924913194445,27.26924913194445,0.0,False
control,0.4,12,control_p0.4_r12,0,27.02819010416666,27.02819010416666,0.0,False
control,0.4,12,control_p0.4_r12,1,27.09296875,27.09296875,0.0,False
control,0.4,12,control_p0.4_r12,2,27.113237847222223,27.113237847222223,0.0,False
control,0.4,12,control_p0.4_r12,3,27.010525173611107,27.010525173611107,0.0,False
control,0.4,12,control_p0.4_r12,4,27.061219618055556,27.061219618055556,0.0,False
control,0.4,12,control_p0.4_r12,5,27.145225694444445,27.145225694444445,0.0,False
control,0.4,12,control_p0.4_r12,6,27.124110243055554,27.124110243055554,0.0,False
control,0.4,12,control_p0.4_r12,7,27.15453559027777,27.15453559027777,0.0,False
control,0.4,13,control_p0.4_r13,0,27.228776041666663,27.228776041666663,0.0,False
control,0.4,13,control_p0.4_r13,1,27.078472222222224,27.078472222222224,0.0,False
control,0.4,13,control_p0.4_r13,2,26.991579861111116,26.991579861111116,0.0,False
control,0.4,13,control_p0.4_r13,3,27.07235243055556,27.07235243055556,0.0,False
control,0.4,13,control_p0.4_r13,4,27.115950520833334,27.115950520833334,0.0,False
control,0.4,13,control_p0.4_r13,5,27.169314236111106,27.169314236111106,0.0,False
control,0.4,13,control_p0.4_r13,6,27.16467013888889,27.16467013888889,0.0,False
control,0.4,13,control_p0.4_r13,7,27.10852864583333,27.10852864583333,0.0,False
control,0.4,14,control_p0.4_r14,0,27.16870659722222,27.16870659722222,0.0,False
control,0.4,14,control_p0.4_r14,1,27.11525607638889,27.11525607638889,0.0,False
control,0.4,14,control_p0.4_r14,2,27.14852430555556,27.14852430555556,0.0,False
control,0.4,14,control_p0.4_r14,3,27.145247395833334,27.145247395833334,0.0,False
control,0.4,14,control_p0.4_r14,4,27.174045138888893,27.174045138888893,0.0,False
control,0.4,14,control_p0.4_r14,5,27.07771267361111,27.07771267361111,0.0,False
control,0.4,14,control_p0.4_r14,6,27.14600694444444,27.14600694444444,0.0,False
control,0.4,14,control_p0.4_r14,7,27.121940104166665,27.121940104166665,0.0,False
control,0.4,15,control_p0.4_r15,0,27.107877604166664,27.107877604166664,0.0,False
control,0.4,15,control_p0.4_r15,1,27.186306423611114,27.186306423611114,0.0,False
control,0.4,15,control_p0.4_r15,2,27.211653645833337,27.211653645833337,0.0,False
control,0.4,15,control_p0.4_r15,3,27.139908854166663,27.139908854166663,0.0,False
control,0.4,15,control_p0.4_r15,4,27.12421875,27.12421875,0.0,False
control,0.4,15,control_p0.4_r15,5,27.137348090277776,27.137348090277776,0.0,False
control,0.4,15,control_p0.4_r15,6,27.13719618055556,27.13719618055556,0.0,False
control,0.4,15,control_p0.4_r15,7,27.10594618055556,27.10594618055556,0.0,False
control,0.4,16,control_p0.4_r16,0,27.16723090277777,27.16723090277777,0.0,False
control,0.4,16,control_p0.4_r16,1,27.09207899305555,27.09207899305555,0.0,False
control,0.4,16,control_p0.4_r16,2,27.100607638888885,27.100607638888885,0.0,False
control,0.4,16,control_p0.4_r16,3,27.20310329861111,27.20310329861111,0.0,False
control,0.4,16,control_p0.4_r16,4,27.167252604166663,27.167252604166663,0.0,False
control,0.4,16,control_p0.4_r16,5,27.228103298611117,27.228103298611117,0.0,False
control,0.4,16,control_p0.4_r16,6,27.140256076388887,27.140256076388887,0.0,False
control,0.4,16,control_p0.4_r16,7,27.142078993055552,27.142078993055552,0.0,False
control,0.4,17,control_p0.4_r17,0,27.167252604166663,27.167252604166663,0.0,False
control,0.4,17,control_p0.4_r17,1,27.20620659722222,27.20620659722222,0.0,False
control,0.4,17,control_p0.4_r17,2,27.0626953125,27.0626953125,0.0,False
control,0.4,17,control_p0.4_r17,3,27.105533854166666,27.105533854166666,0.0,False
control,0.4,17,control_p0.4_r17,4,27.10080295138889,27.10080295138889,0.0,False
control,0.4,17,control_p0.4_r17,5,27.0669921875,27.0669921875,0.0,False
control,0.4,17,control_p0.4_r17,6,27.249739583333334,27.249739583333334,0.0,False
control,0.4,17,control_p0.4_r17,7,27.208550347222225,27.208550347222225,0.0,False
control,0.4,18,control_p0.4_r18,0,27.20258246527778,27.20258246527778,0.0,False
control,0.4,18,control_p0.4_r18,1,27.212087673611112,27.212087673611112,0.0,False
control,0.4,18,control_p0.4_r18,2,27.104817708333336,27.104817708333336,0.0,False
control,0.4,18,control_p0.4_r18,3,27.174392361111117,27.174392361111117,0.0,False
control,0.4,18,control_p0.4_r18,4,27.23318142361111,27.23318142361111,0.0,False
control,0.4,18,control_p0.4_r18,5,27.058051215277786,27.058051215277786,0.0,False
control,0.4,18,control_p0.4_r18,6,27.12658420138889,27.12658420138889,0.0,False
control,0.4,18,control_p0.4_r18,7,27.1642578125,27.1642578125,0.0,False
control,0.4,19,control_p0.4_r19,0,27.102018229166664,27.102018229166664,0.0,False
control,0.4,19,control_p0.4_r19,1,27.14552951388889,27.14552951388889,0.0,False
control,0.4,19,control_p0.4_r19,2,27.205815972222226,27.205815972222226,0.0,False
control,0.4,19,control_p0.4_r19,3,27.225824652777774,27.225824652777774,0.0,False
control,0.4,19,control_p0.4_r19,4,27.13046875,27.13046875,0.0,False
control,0.4,19,control_p0.4_r19,5,27.21169704861111,27.21169704861111,0.0,False
control,0.4,19,control_p0.4_r19,6,26.991840277777776,26.991840277777776,0.0,False
control,0.4,19,control_p0.4_r19,7,27.18984375,27.18984375,0.0,False
control,0.5,0,control_p0.5_r00,0,27.144769965277774,27.144769965277774,0.0,False
control,0.5,0,control_p0.5_r00,1,27.121549479166664,27.121549479166664,0.0,False
control,0.5,0,control_p0.5_r00,2,27.175065104166663,27.175065104166663,0.0,False
control,0.5,0,control_p0.5_r00,3,27.0603515625,27.0603515625,0.0,False
control,0.5,0,control_p0.5_r00,4,27.165299479166663,27.165299479166663,0.0,False
control,0.5,0,control_p0.5_r00,5,27.09047309027778,27.09047309027778,0.0,False
control,0.5,0,control_p0.5_r00,6,27.141059027777786,27.141059027777786,0.0,False
control,0.5,0,control_p0.5_r00,7,27.16265190972222,27.16265190972222,0.0,False
control,0.5,1,control_p0.5_r01,0,27.22829861111111,27.22829861111111,0.0,False
control,0.5,1,control_p0.5_r01,1,27.151627604166663,27.151627604166663,0.0,False
control,0.5,1,control_p0.5_r01,2,27.18630642361111,27.18630642361111,0.0,False
control,0.5,1,control_p0.5_r01,3,27.249609375,27.249609375,0.0,False
control,0.5,1,control_p0.5_r01,4,27.144010416666664,27.144010416666664,0.0,False
control,0.5,1,control_p0.5_r01,5,27.20115017361111,27.20115017361111,0.0,False
control,0.5,1,control_p0.5_r01,6,27.114453125,27.114453125,0.0,False
control,0.5,1,control_p0.5_r01,7,27.06684027777778,27.06684027777778,0.0,False
control,0.5,2,control_p0.5_r02,0,27.11345486111112,27.11345486111112,0.0,False
control,0.5,2,control_p0.5_r02,1,27.147243923611114,27.147243923611114,0.0,False
control,0.5,2,control_p0.5_r02,2,27.24963107638889,27.24963107638889,0.0,False
control,0.5,2,control_p0.5_r02,3,27.14641927083333,27.14641927083333,0.0,False
control,0.5,2,control_p0.5_r02,4,27.145334201388888,27.145334201388888,0.0,False
control,0.5,2,control_p0.5_r02,5,27.08648003472222,27.08648003472222,0.0,False
control,0.5,2,control_p0.5_r02,6,27.21440972222222,27.21440972222222,0.0,False
control,0.5,2,control_p0.5_r02,7,27.20625,27.20625,0.0,False
control,0.5,3,control_p0.5_r03,0,27.06215277777777,27.06215277777777,0.0,False
control,0.5,3,control_p0.5_r03,1,27.06996527777778,27.06996527777778,0.0,False
control,0.5,3,control_p0.5_r03,2,27.130555555555556,27.130555555555556,0.0,False
control,0.5,3,control_p0.5_r03,3,27.15386284722222,27.15386284722222,0.0,False
control,0.5,3,control_p0.5_r03,4,27.140668402777777,27.140668402777777,0.0,False
control,0.5,3,control_p0.5_r03,5,27.20418836805556,27.20418836805556,0.0,False
control,0.5,3,control_p0.5_r03,6,27.05844184027778,27.05844184027778,0.0,False
control,0.5,3,control_p0.5_r03,7,27.26516927083334,27.26516927083334,0.0,False
control,0.5,4,control_p0.5_r04,0,27.119379340277785,27.119379340277785,0.0,False
control,0.5,4,control_p0.5_r04,1,27.256250000000005,27.256250000000005,0.0,False
control,0.5,4,control_p0.5_r04,2,26.99474826388889,26.99474826388889,0.0,False
control,0.5,4,control_p0.5_r04,3,27.26323784722222,27.26323784722222,0.0,False
control,0.5,4,control_p0.5_r04,4,27.0748046875,27.0748046875,0.0,False
control,0.5,4,control_p0.5_r04,5,27.09930555555556,27.09930555555556,0.0,False
control,0.5,4,control_p0.5_r04,6,27.109743923611116,27.109743923611116,0.0,False
control,0.5,4,control_p0.5_r04,7,27.00390625,27.00390625,0.0,False
control,0.5,5,control_p0.5_r05,0,27.07269965277778,27.07269965277778,0.0,False
control,0.5,5,control_p0.5_r05,1,27.15935329861112,27.15935329861112,0.0,False
control,0.5,5,control_p0.5_r05,2,26.992795138888887,26.992795138888887,0.0,False
control,0.5,5,control_p0.5_r05,3,27.269162326388887,27.269162326388887,0.0,False
control,0.5,5,control_p0.5_r05,4,27.163172743055554,27.163172743055554,0.0,False
control,0.5,5,control_p0.5_r05,5,27.14294704861111,27.14294704861111,0.0,False
control,0.5,5,control_p0.5_r05,6,27.238129340277776,27.238129340277776,0.0,False
control,0.5,5,control_p0.5_r05,7,27.154383680555554,27.154383680555554,0.0,False
control,0.5,6,control_p0.5_r06,0,27.17035590277778,27.17035590277778,0.0,False
control,0.5,6,control_p0.5_r06,1,27.030230034722223,27.030230034722223,0.0,False
control,0.5,6,control_p0.5_r06,2,27.176953125,27.176953125,0.0,False
control,0.5,6,control_p0.5_r06,3,27.04700520833333,27.04700520833333,0.0,False
control,0.5,6,control_p0.5_r06,4,27.12107204861111,27.12107204861111,0.0,False
control,0.5,6,control_p0.5_r06,5,27.26163194444445,27.26163194444445,0.0,False
control,0.5,6,control_p0.5_r06,6,27.25709635416667,27.25709635416667,0.0,False
control,0.5,6,control_p0.5_r06,7,27.167513020833333,27.167513020833333,0.0,False
control,0.5,7,control_p0.5_r07,0,27.21297743055555,27.21297743055555,0.0,False
control,0.5,7,control_p0.5_r07,1,27.13174913194445,27.13174913194445,0.0,False
control,0.5,7,control_p0.5_r07,2,27.247048611111115,27.247048611111115,0.0,False
control,0.5,7,control_p0.5_r07,3,27.137934027777774,27.137934027777774,0.0,False
control,0.5,7,control_p0.5_r07,4,27.196050347222226,27.196050347222226,0.0,False
control,0.5,7,control_p0.5_r07,5,27.13530815972222,27.13530815972222,0.0,False
control,0.5,7,control_p0.5_r07,6,27.13934461805556,27.13934461805556,0.0,False
control,0.5,7,control_p0.5_r07,7,27.124565972222214,27.124565972222214,0.0,False
control,0.5,8,control_p0.5_r08,0,27.13346354166667,27.13346354166667,0.0,False
control,0.5,8,control_p0.5_r08,1,27.107118055555556,27.107118055555556,0.0,False
control,0.5,8,control_p0.5_r08,2,26.997569444444444,26.997569444444444,0.0,False
control,0.5,8,control_p0.5_r08,3,27.09735243055556,27.09735243055556,0.0,False
control,0.5,8,control_p0.5_r08,4,27.183376736111114,27.183376736111114,0.0,False
control,0.5,8,control_p0.5_r08,5,27.153081597222226,27.153081597222226,0.0,False
control,0.5,8,control_p0.5_r08,6,27.148828125,27.148828125,0.0,False
control,0.5,8,control_p0.5_r08,7,27.069856770833336,27.069856770833336,0.0,False
control,0.5,9,control_p0.5_r09,0,27.15232204861111,27.15232204861111,0.0,False
control,0.5,9,control_p0.5_r09,1,27.091319444444444,27.091319444444444,0.0,False
control,0.5,9,control_p0.5_r09,2,27.06525607638889,27.06525607638889,0.0,False
control,0.5,9,control_p0.5_r09,3,27.08611111111112,27.08611111111112,0.0,False
control,0.5,9,control_p0.5_r09,4,27.05177951388889,27.05177951388889,0.0,False
control,0.5,9,control_p0.5_r09,5,27.16423611111111,27.16423611111111,0.0,False
control,0.5,9,control_p0.5_r09,6,27.03595920138889,27.03595920138889,0.0,False
control,0.5,9,control_p0.5_r09,7,27.14789496527778,27.14789496527778,0.0,False
control,0.5,10,control_p0.5_r10,0,27.102126736111117,27.102126736111117,0.0,False
control,0.5,10,control_p0.5_r10,1,27.083203125,27.083203125,0.0,False
control,0.5,10,control_p0.5_r10,2,27.058897569444447,27.058897569444447,0.0,False
control,0.5,10,control_p0.5_r10,3,27.130034722222224,27.130034722222224,0.0,False
control,0.5,10,control_p0.5_r10,4,27.14754774305556,27.14754774305556,0.0,False
control,0.5,10,control_p0.5_r10,5,27.23515625,27.23515625,0.0,False
control,0.5,10,control_p0.5_r10,6,26.971267361111117,26.971267361111117,0.0,False
control,0.5,10,control_p0.5_r10,7,27.10496961805556,27.10496961805556,0.0,False
control,0.5,11,control_p0.5_r11,0,27.142469618055557,27.142469618055557,0.0,False
control,0.5,11,control_p0.5_r11,1,27.077235243055554,27.077235243055554,0.0,False
control,0.5,11,control_p0.5_r11,2,27.042599826388887,27.042599826388887,0.0,False
control,0.5,11,control_p0.5_r11,3,27.07638888888889,27.07638888888889,0.0,False
control,0.5,11,control_p0.5_r11,4,27.19789496527777,27.19789496527777,0.0,False
control,0.5,11,control_p0.5_r11,5,27.111154513888884,27.111154513888884,0.0,False
control,0.5,11,control_p0.5_r11,6,27.11427951388889,27.11427951388889,0.0,False
control,0.5,11,control_p0.5_r11,7,27.246614583333333,27.246614583333333,0.0,False
control,0.5,12,control_p0.5_r12,0,27.139453125000003,27.139453125000003,0.0,False
control,0.5,12,control_p0.5_r12,1,27.0517578125,27.0517578125,0.0,False
control,0.5,12,control_p0.5_r12,2,27.09618055555556,27.09618055555556,0.0,False
control,0.5,12,control_p0.5_r12,3,27.192209201388884,27.192209201388884,0.0,False
control,0.5,12,control_p0.5_r12,4,27.09034288194444,27.09034288194444,0.0,False
control,0.5,12,control_p0.5_r12,5,27.08899739583333,27.08899739583333,0.0,False
control,0.5,12,control_p0.5_r12,6,27.094552951388888,27.094552951388888,0.0,False
control,0.5,12,control_p0.5_r12,7,27.128450520833333,27.128450520833333,0.0,False
control,0.5,13,control_p0.5_r13,0,27.091059027777774,27.091059027777774,0.0,False
control,0.5,13,control_p0.5_r13,1,27.117426215277774,27.117426215277774,0.0,False
control,0.5,13,control_p0.5_r13,2,27.12641059027778,27.12641059027778,0.0,False
control,0.5,13,control_p0.5_r13,3,27.23648003472222,27.23648003472222,0.0,False
control,0.5,13,control_p0.5_r13,4,27.10091145833333,27.10091145833333,0.0,False
control,0.5,13,control_p0.5_r13,5,27.157682291666667,27.157682291666667,0.0,False
control,0.5,13,control_p0.5_r13,6,27.022808159722224,27.022808159722224,0.0,False
control,0.5,13,control_p0.5_r13,7,27.078298611111112,27.078298611111112,0.0,False
control,0.5,14,control_p0.5_r14,0,27.124826388888888,27.124826388888888,0.0,False
control,0.5,14,control_p0.5_r14,1,27.03244357638889,27.03244357638889,0.0,False
control,0.5,14,control_p0.5_r14,2,27.12914496527777,27.12914496527777,0.0,False
control,0.5,14,control_p0.5_r14,3,27.075390625,27.075390625,0.0,False
control,0.5,14,control_p0.5_r14,4,27.12517361111111,27.12517361111111,0.0,False
control,0.5,14,control_p0.5_r14,5,27.28865017361112,27.28865017361112,0.0,False
control,0.5,14,control_p0.5_r14,6,26.988693576388886,26.988693576388886,0.0,False
control,0.5,14,control_p0.5_r14,7,27.28368055555556,27.28368055555556,0.0,False
control,0.5,15,control_p0.5_r15,0,27.210394965277786,27.210394965277786,0.0,False
control,0.5,15,control_p0.5_r15,1,27.114778645833333,27.114778645833333,0.0,False
control,0.5,15,control_p0.5_r15,2,27.101041666666664,27.101041666666664,0.0,False
control,0.5,15,control_p0.5_r15,3,27.12293836805556,27.12293836805556,0.0,False
control,0.5,15,control_p0.5_r15,4,27.075021701388888,27.075021701388888,0.0,False
control,0.5,15,control_p0.5_r15,5,27.08734809027778,27.08734809027778,0.0,False
control,0.5,15,control_p0.5_r15,6,27.05388454861112,27.05388454861112,0.0,False
control,0.5,15,control_p0.5_r15,7,27.04676649305556,27.04676649305556,0.0,False
control,0.5,16,control_p0.5_r16,0,27.106901041666667,27.106901041666667,0.0,False
control,0.5,16,control_p0.5_r16,1,27.23539496527778,27.23539496527778,0.0,False
control,0.5,16,control_p0.5_r16,2,26.92170138888889,26.92170138888889,0.0,False
control,0.5,16,control_p0.5_r16,3,27.088932291666666,27.088932291666666,0.0,False
control,0.5,16,control_p0.5_r16,4,27.159743923611117,27.159743923611117,0.0,False
control,0.5,16,control_p0.5_r16,5,26.97200520833333,26.97200520833333,0.0,False
control,0.5,16,control_p0.5_r16,6,27.14963107638889,27.14963107638889,0.0,False
control,0.5,16,control_p0.5_r16,7,27.07708333333333,27.07708333333333,0.0,False
control,0.5,17,control_p0.5_r17,0,27.13463541666667,27.13463541666667,0.0,False
control,0.5,17,control_p0.5_r17,1,27.112586805555555,27.112586805555555,0.0,False
control,0.5,17,control_p0.5_r17,2,27.157486979166663,27.157486979166663,0.0,False
control,0.5,17,control_p0.5_r17,3,27.13882378472222,27.13882378472222,0.0,False
control,0.5,17,control_p0.5_r17,4,27.118467881944444,27.118467881944444,0.0,False
control,0.5,17,control_p0.5_r17,5,27.11085069444444,27.11085069444444,0.0,False
control,0.5,17,control_p0.5_r17,6,27.245572916666667,27.245572916666667,0.0,False
control,0.5,17,control_p0.5_r17,7,27.08016493055556,27.08016493055556,0.0,False
control,0.5,18,control_p0.5_r18,0,27.070963541666668,27.070963541666668,0.0,False
control,0.5,18,control_p0.5_r18,1,27.142296006944445,27.142296006944445,0.0,False
control,0.5,18,control_p0.5_r18,2,27.13461371527778,27.13461371527778,0.0,False
control,0.5,18,control_p0.5_r18,3,27.205034722222223,27.205034722222223,0.0,False
control,0.5,18,control_p0.5_r18,4,27.147309027777776,27.147309027777776,0.0,False
control,0.5,18,control_p0.5_r18,5,27.228298611111107,27.228298611111107,0.0,False
control,0.5,18,control_p0.5_r18,6,27.09325086805556,27.09325086805556,0.0,False
control,0.5,18,control_p0.5_r18,7,27.24427083333333,27.24427083333333,0.0,False
control,0.5,19,control_p0.5_r19,0,27.246940104166665,27.246940104166665,0.0,False
control,0.5,19,control_p0.5_r19,1,27.1099609375,27.1099609375,0.0,False
control,0.5,19,control_p0.5_r19,2,27.149782986111116,27.149782986111116,0.0,False
control,0.5,19,control_p0.5_r19,3,27.12085503472222,27.12085503472222,0.0,False
control,0.5,19,control_p0.5_r19,4,27.12354600694444,27.12354600694444,0.0,False
control,0.5,19,control_p0.5_r19,5,27.125065104166666,27.125065104166666,0.0,False
control,0.5,19,control_p0.5_r19,6,27.153754340277786,27.153754340277786,0.0,False
control,0.5,19,control_p0.5_r19,7,27.11388888888889,27.11388888888889,0.0,False
control,0.6,0,control_p0.6_r00,0,27.275434027777777,27.275434027777777,0.0,False
control,0.6,0,control_p0.6_r00,1,27.049088541666663,27.049088541666663,0.0,False
control,0.6,0,control_p0.6_r00,2,27.1080078125,27.1080078125,0.0,False
control,0.6,0,control_p0.6_r00,3,27.140321180555556,27.140321180555556,0.0,False
control,0.6,0,control_p0.6_r00,4,27.132486979166664,27.132486979166664,0.0,False
control,0.6,0,control_p0.6_r00,5,27.235546875,27.235546875,0.0,False
control,0.6,0,control_p0.6_r00,6,27.17586805555556,27.17586805555556,0.0,False
control,0.6,0,control_p0.6_r00,7,27.111848958333333,27.111848958333333,0.0,False
control,0.6,1,control_p0.6_r01,0,27.154600694444447,27.154600694444447,0.0,False
control,0.6,1,control_p0.6_r01,1,27.191124131944445,27.191124131944445,0.0,False
control,0.6,1,control_p0.6_r01,2,26.99911024305556,26.99911024305556,0.0,False
control,0.6,1,control_p0.6_r01,3,27.11812065972222,27.11812065972222,0.0,False
control,0.6,1,control_p0.6_r01,4,27.16844618055556,27.16844618055556,0.0,False
control,0.6,1,control_p0.6_r01,5,27.13967013888889,27.13967013888889,0.0,False
control,0.6,1,control_p0.6_r01,6,27.03240017361111,27.03240017361111,0.0,False
control,0.6,1,control_p0.6_r01,7,27.148697916666663,27.148697916666663,0.0,False
control,0.6,2,control_p0.6_r02,0,27.031532118055555,27.031532118055555,0.0,False
control,0.6,2,control_p0.6_r02,1,27.13435329861111,27.13435329861111,0.0,False
control,0.6,2,control_p0.6_r02,2,27.10549045138889,27.10549045138889,0.0,False
control,0.6,2,control_p0.6_r02,3,27.067881944444444,27.067881944444444,0.0,False
control,0.6,2,control_p0.6_r02,4,27.168532986111117,27.168532986111117,0.0,False
control,0.6,2,control_p0.6_r02,5,27.14500868055556,27.14500868055556,0.0,False
control,0.6,2,control_p0.6_r02,6,27.148307291666665,27.148307291666665,0.0,False
control,0.6,2,control_p0.6_r02,7,27.114887152777783,27.114887152777783,0.0,False
control,0.6,3,control_p0.6_r03,0,27.07578125,27.07578125,0.0,False
control,0.6,3,control_p0.6_r03,1,27.13726128472222,27.13726128472222,0.0,False
control,0.6,3,control_p0.6_r03,2,27.16538628472222,27.16538628472222,0.0,False
control,0.6,3,control_p0.6_r03,3,27.249522569444444,27.249522569444444,0.0,False
control,0.6,3,control_p0.6_r03,4,27.045659722222226,27.045659722222226,0.0,False
control,0.6,3,control_p0.6_r03,5,27.18114149305556,27.18114149305556,0.0,False
control,0.6,3,control_p0.6_r03,6,27.106553819444443,27.106553819444443,0.0,False
control,0.6,3,control_p0.6_r03,7,27.2287109375,27.2287109375,0.0,False
control,0.6,4,control_p0.6_r04,0,27.256076388888893,27.256076388888893,0.0,False
control,0.6,4,control_p0.6_r04,1,27.173784722222223,27.173784722222223,0.0,False
control,0.6,4,control_p0.6_r04,2,27.064518229166666,27.064518229166666,0.0,False
control,0.6,4,control_p0.6_r04,3,27.1359375,27.1359375,0.0,False
control,0.6,4,control_p0.6_r04,4,27.07541232638889,27.07541232638889,0.0,False
control,0.6,4,control_p0.6_r04,5,27.15316840277778,27.15316840277778,0.0,False
control,0.6,4,control_p0.6_r04,6,27.171484375,27.171484375,0.0,False
control,0.6,4,control_p0.6_r04,7,27.09906684027778,27.09906684027778,0.0,False
control,0.6,5,control_p0.6_r05,0,27.14296875,27.14296875,0.0,False
control,0.6,5,control_p0.6_r05,1,27.161914062500003,27.161914062500003,0.0,False
control,0.6,5,control_p0.6_r05,2,27.072374131944443,27.072374131944443,0.0,False
control,0.6,5,control_p0.6_r05,3,27.10703125,27.10703125,0.0,False
control,0.6,5,control_p0.6_r05,4,27.05275607638889,27.05275607638889,0.0,False
control,0.6,5,control_p0.6_r05,5,27.126562499999995,27.126562499999995,0.0,False
control,0.6,5,control_p0.6_r05,6,27.07322048611111,27.07322048611111,0.0,False
control,0.6,5,control_p0.6_r05,7,27.095421006944445,27.095421006944445,0.0,False
control,0.6,6,control_p0.6_r06,0,27.078211805555554,27.078211805555554,0.0,False
control,0.6,6,control_p0.6_r06,1,27.16395399305556,27.16395399305556,0.0,False
control,0.6,6,control_p0.6_r06,2,27.00798611111112,27.00798611111112,0.0,False
control,0.6,6,control_p0.6_r06,3,27.101931423611106,27.101931423611106,0.0,False
control,0.6,6,control_p0.6_r06,4,27.21328125,27.21328125,0.0,False
control,0.6,6,control_p0.6_r06,5,27.203645833333336,27.203645833333336,0.0,False
control,0.6,6,control_p0.6_r06,6,27.06458333333333,27.06458333333333,0.0,False
control,0.6,6,control_p0.6_r06,7,27.101953125000005,27.101953125000005,0.0,False
control,0.6,7,control_p0.6_r07,0,27.166579861111117,27.166579861111117,0.0,False
control,0.6,7,control_p0.6_r07,1,27.059331597222226,27.059331597222226,0.0,False
control,0.6,7,control_p0.6_r07,2,27.205772569444445,27.205772569444445,0.0,False
control,0.6,7,control_p0.6_r07,3,27.14765625,27.14765625,0.0,False
control,0.6,7,control_p0.6_r07,4,27.119487847222224,27.119487847222224,0.0,False
control,0.6,7,control_p0.6_r07,5,26.97580295138889,26.97580295138889,0.0,False
control,0.6,7,control_p0.6_r07,6,27.23930121527778,27.23930121527778,0.0,False
control,0.6,7,control_p0.6_r07,7,27.10496961805556,27.10496961805556,0.0,False
control,0.6,8,control_p0.6_r08,0,27.146223958333334,27.146223958333334,0.0,False
control,0.6,8,control_p0.6_r08,1,27.186979166666664,27.186979166666664,0.0,False
control,0.6,8,control_p0.6_r08,2,27.045008680555554,27.045008680555554,0.0,False
control,0.6,8,control_p0.6_r08,3,27.131597222222226,27.131597222222226,0.0,False
control,0.6,8,control_p0.6_r08,4,27.06534288194444,27.06534288194444,0.0,False
control,0.6,8,control_p0.6_r08,5,27.134288194444448,27.134288194444448,0.0,False
control,0.6,8,control_p0.6_r08,6,27.14262152777778,27.14262152777778,0.0,False
control,0.6,8,control_p0.6_r08,7,27.119466145833336,27.119466145833336,0.0,False
control,0.6,9,control_p0.6_r09,0,27.16623263888889,27.16623263888889,0.0,False
control,0.6,9,control_p0.6_r09,1,27.07712673611111,27.07712673611111,0.0,False
control,0.6,9,control_p0.6_r09,2,27.183355034722226,27.183355034722226,0.0,False
control,0.6,9,control_p0.6_r09,3,27.135568576388888,27.135568576388888,0.0,False
control,0.6,9,control_p0.6_r09,4,27.13519965277778,27.13519965277778,0.0,False
control,0.6,9,control_p0.6_r09,5,27.0630859375,27.0630859375,0.0,False
control,0.6,9,control_p0.6_r09,6,27.15735677083333,27.15735677083333,0.0,False
control,0.6,9,control_p0.6_r09,7,27.11165364583333,27.11165364583333,0.0,False
control,0.6,10,control_p0.6_r10,0,27.191167534722226,27.191167534722226,0.0,False
control,0.6,10,control_p0.6_r10,1,27.11905381944445,27.11905381944445,0.0,False
control,0.6,10,control_p0.6_r10,2,27.186914062500005,27.186914062500005,0.0,False
control,0.6,10,control_p0.6_r10,3,27.224891493055555,27.224891493055555,0.0,False
control,0.6,10,control_p0.6_r10,4,27.0373046875,27.0373046875,0.0,False
control,0.6,10,control_p0.6_r10,5,27.09539930555556,27.09539930555556,0.0,False
control,0.6,10,control_p0.6_r10,6,27.132139756944447,27.132139756944447,0.0,False
control,0.6,10,control_p0.6_r10,7,26.933485243055557,26.933485243055557,0.0,False
control,0.6,11,control_p0.6_r11,0,27.211306423611116,27.211306423611116,0.0,False
control,0.6,11,control_p0.6_r11,1,27.14789496527778,27.14789496527778,0.0,False
control,0.6,11,control_p0.6_r11,2,27.111870659722214,27.111870659722214,0.0,False
control,0.6,11,control_p0.6_r11,3,27.070355902777774,27.070355902777774,0.0,False
control,0.6,11,control_p0.6_r11,4,27.16963975694445,27.16963975694445,0.0,False
control,0.6,11,control_p0.6_r11,5,27.01892361111111,27.01892361111111,0.0,False
control,0.6,11,control_p0.6_r11,6,27.144075520833333,27.144075520833333,0.0,False
control,0.6,11,control_p0.6_r11,7,27.04251302083333,27.04251302083333,0.0,False
control,0.6,12,control_p0.6_r12,0,27.12424045138889,27.12424045138889,0.0,False
control,0.6,12,control_p0.6_r12,1,27.13023003472222,27.13023003472222,0.0,False
control,0.6,12,control_p0.6_r12,2,27.317751736111116,27.317751736111116,0.0,False
control,0.6,12,control_p0.6_r12,3,27.23211805555556,27.23211805555556,0.0,False
control,0.6,12,control_p0.6_r12,4,27.10980902777777,27.10980902777777,0.0,False
control,0.6,12,control_p0.6_r12,5,27.16258680555556,27.16258680555556,0.0,False
control,0.6,12,control_p0.6_r12,6,27.187651909722224,27.187651909722224,0.0,False
control,0.6,12,control_p0.6_r12,7,27.0908203125,27.0908203125,0.0,False
control,0.6,13,control_p0.6_r13,0,27.21484375,27.21484375,0.0,False
control,0.6,13,control_p0.6_r13,1,27.051996527777774,27.051996527777774,0.0,False
control,0.6,13,control_p0.6_r13,2,27.203233506944443,27.203233506944443,0.0,False
control,0.6,13,control_p0.6_r13,3,27.200737847222225,27.200737847222225,0.0,False
control,0.6,13,control_p0.6_r13,4,27.208311631944447,27.208311631944447,0.0,False
control,0.6,13,control_p0.6_r13,5,27.271527777777777,27.271527777777777,0.0,False
control,0.6,13,control_p0.6_r13,6,27.149674479166663,27.149674479166663,0.0,False
control,0.6,13,control_p0.6_r13,7,27.188433159722223,27.188433159722223,0.0,False
control,0.6,14,control_p0.6_r14,0,27.17109375,27.17109375,0.0,False
control,0.6,14,control_p0.6_r14,1,27.102039930555552,27.102039930555552,0.0,False
control,0.6,14,control_p0.6_r14,2,27.06629774305556,27.06629774305556,0.0,False
control,0.6,14,control_p0.6_r14,3,27.04157986111112,27.04157986111112,0.0,False
control,0.6,14,control_p0.6_r14,4,26.95891927083333,26.95891927083333,0.0,False
control,0.6,14,control_p0.6_r14,5,27.11078559027777,27.11078559027777,0.0,False
control,0.6,14,control_p0.6_r14,6,27.03109809027778,27.03109809027778,0.0,False
control,0.6,14,control_p0.6_r14,7,27.083420138888886,27.083420138888886,0.0,False
control,0.6,15,control_p0.6_r15,0,27.138736979166666,27.138736979166666,0.0,False
control,0.6,15,control_p0.6_r15,1,27.08943142361111,27.08943142361111,0.0,False
control,0.6,15,control_p0.6_r15,2,27.24989149305556,27.24989149305556,0.0,False
control,0.6,15,control_p0.6_r15,3,27.18485243055555,27.18485243055555,0.0,False
control,0.6,15,control_p0.6_r15,4,27.204361979166663,27.204361979166663,0.0,False
control,0.6,15,control_p0.6_r15,5,27.17562934027778,27.17562934027778,0.0,False
control,0.6,15,control_p0.6_r15,6,27.166471354166667,27.166471354166667,0.0,False
control,0.6,15,control_p0.6_r15,7,27.14765625,27.14765625,0.0,False
control,0.6,16,control_p0.6_r16,0,27.163715277777776,27.163715277777776,0.0,False
control,0.6,16,control_p0.6_r16,1,27.133854166666666,27.133854166666666,0.0,False
control,0.6,16,control_p0.6_r16,2,27.165625,27.165625,0.0,False
control,0.6,16,control_p0.6_r16,3,27.172938368055554,27.172938368055554,0.0,False
control,0.6,16,control_p0.6_r16,4,27.176627604166665,27.176627604166665,0.0,False
control,0.6,16,control_p0.6_r16,5,27.05501302083333,27.05501302083333,0.0,False
control,0.6,16,control_p0.6_r16,6,27.13170572916667,27.13170572916667,0.0,False
control,0.6,16,control_p0.6_r16,7,27.173502604166668,27.173502604166668,0.0,False
control,0.6,17,control_p0.6_r17,0,27.208550347222225,27.208550347222225,0.0,False
control,0.6,17,control_p0.6_r17,1,27.18630642361111,27.18630642361111,0.0,False
control,0.6,17,control_p0.6_r17,2,27.19782986111111,27.19782986111111,0.0,False
control,0.6,17,control_p0.6_r17,3,27.053038194444447,27.053038194444447,0.0,False
control,0.6,17,control_p0.6_r17,4,27.000716145833334,27.000716145833334,0.0,False
control,0.6,17,control_p0.6_r17,5,27.04246961805556,27.04246961805556,0.0,False
control,0.6,17,control_p0.6_r17,6,27.11187065972222,27.11187065972222,0.0,False
control,0.6,17,control_p0.6_r17,7,27.268967013888894,27.268967013888894,0.0,False
control,0.6,18,control_p0.6_r18,0,27.201909722222226,27.201909722222226,0.0,False
control,0.6,18,control_p0.6_r18,1,27.15868055555556,27.15868055555556,0.0,False
control,0.6,18,control_p0.6_r18,2,27.037326388888893,27.037326388888893,0.0,False
control,0.6,18,control_p0.6_r18,3,27.19487847222222,27.19487847222222,0.0,False
control,0.6,18,control_p0.6_r18,4,27.18969184027777,27.18969184027777,0.0,False
control,0.6,18,control_p0.6_r18,5,27.19149305555556,27.19149305555556,0.0,False
control,0.6,18,control_p0.6_r18,6,27.160546875000005,27.160546875000005,0.0,False
control,0.6,18,control_p0.6_r18,7,27.155078125000003,27.155078125000003,0.0,False
control,0.6,19,control_p0.6_r19,0,27.16584201388889,27.16584201388889,0.0,False
control,0.6,19,control_p0.6_r19,1,27.21805555555555,27.21805555555555,0.0,False
control,0.6,19,control_p0.6_r19,2,27.087565104166668,27.087565104166668,0.0,False
control,0.6,19,control_p0.6_r19,3,27.144618055555554,27.144618055555554,0.0,False
control,0.6,19,control_p0.6_r19,4,27.16223958333333,27.16223958333333,0.0,False
control,0.6,19,control_p0.6_r19,5,27.190104166666664,27.190104166666664,0.0,False
control,0.6,19,control_p0.6_r19,6,27.06380208333333,27.06380208333333,0.0,False
control,0.6,19,control_p0.6_r19,7,27.12782118055556,27.12782118055556,0.0,False
control,0.7,0,control_p0.7_r00,0,26.97942708333333,26.97942708333333,0.0,False
control,0.7,0,control_p0.7_r00,1,27.00668402777778,27.00668402777778,0.0,False
control,0.7,0,control_p0.7_r00,2,27.105013020833336,27.105013020833336,0.0,False
control,0.7,0,control_p0.7_r00,3,27.09969618055556,27.09969618055556,0.0,False
control,0.7,0,control_p0.7_r00,4,27.10518663194445,27.10518663194445,0.0,False
control,0.7,0,control_p0.7_r00,5,27.13806423611112,27.13806423611112,0.0,False
control,0.7,0,control_p0.7_r00,6,27.22131076388889,27.22131076388889,0.0,False
control,0.7,0,control_p0.7_r00,7,27.186349826388888,27.186349826388888,0.0,False
control,0.7,1,control_p0.7_r01,0,27.13956163194445,27.13956163194445,0.0,False
control,0.7,1,control_p0.7_r01,1,27.186827256944447,27.186827256944447,0.0,False
control,0.7,1,control_p0.7_r01,2,27.25403645833333,27.25403645833333,0.0,False
control,0.7,1,control_p0.7_r01,3,27.10243055555556,27.10243055555556,0.0,False
control,0.7,1,control_p0.7_r01,4,27.2525390625,27.2525390625,0.0,False
control,0.7,1,control_p0.7_r01,5,27.04225260416667,27.04225260416667,0.0,False
control,0.7,1,control_p0.7_r01,6,27.104774305555555,27.104774305555555,0.0,False
control,0.7,1,control_p0.7_r01,7,27.12133246527777,27.12133246527777,0.0,False
control,0.7,2,control_p0.7_r02,0,26.989105902777776,26.989105902777776,0.0,False
control,0.7,2,control_p0.7_r02,1,27.168988715277777,27.168988715277777,0.0,False
control,0.7,2,control_p0.7_r02,2,27.179557291666665,27.179557291666665,0.0,False
control,0.7,2,control_p0.7_r02,3,27.08663194444444,27.08663194444444,0.0,False
control,0.7,2,control_p0.7_r02,4,27.143359375,27.143359375,0.0,False
control,0.7,2,control_p0.7_r02,5,27.248914930555557,27.248914930555557,0.0,False
control,0.7,2,control_p0.7_r02,6,27.10646701388889,27.10646701388889,0.0,False
control,0.7,2,control_p0.7_r02,7,27.079861111111114,27.079861111111114,0.0,False
control,0.7,3,control_p0.7_r03,0,27.206358506944447,27.206358506944447,0.0,False
control,0.7,3,control_p0.7_r03,1,27.171202256944447,27.171202256944447,0.0,False
control,0.7,3,control_p0.7_r03,2,27.0578125,27.0578125,0.0,False
control,0.7,3,control_p0.7_r03,3,27.053993055555555,27.053993055555555,0.0,False
control,0.7,3,control_p0.7_r03,4,27.073068576388884,27.073068576388884,0.0,False
control,0.7,3,control_p0.7_r03,5,27.093359375,27.093359375,0.0,False
control,0.7,3,control_p0.7_r03,6,27.193424479166666,27.193424479166666,0.0,False
control,0.7,3,control_p0.7_r03,7,27.21868489583333,27.21868489583333,0.0,False
control,0.7,4,control_p0.7_r04,0,27.123502604166664,27.123502604166664,0.0,False
control,0.7,4,control_p0.7_r04,1,27.133311631944444,27.133311631944444,0.0,False
control,0.7,4,control_p0.7_r04,2,27.12762586805556,27.12762586805556,0.0,False
control,0.7,4,control_p0.7_r04,3,27.17369791666667,27.17369791666667,0.0,False
control,0.7,4,control_p0.7_r04,4,27.1337890625,27.1337890625,0.0,False
control,0.7,4,control_p0.7_r04,5,27.09060329861111,27.09060329861111,0.0,False
control,0.7,4,control_p0.7_r04,6,27.172222222222228,27.172222222222228,0.0,False
control,0.7,4,control_p0.7_r04,7,27.181380208333334,27.181380208333334,0.0,False
control,0.7,5,control_p0.7_r05,0,27.26497395833333,27.26497395833333,0.0,False
control,0.7,5,control_p0.7_r05,1,27.010373263888887,27.010373263888887,0.0,False
control,0.7,5,control_p0.7_r05,2,27.0568359375,27.0568359375,0.0,False
control,0.7,5,control_p0.7_r05,3,27.191818576388886,27.191818576388886,0.0,False
control,0.7,5,control_p0.7_r05,4,27.01736111111111,27.01736111111111,0.0,False
control,0.7,5,control_p0.7_r05,5,27.12740885416667,27.12740885416667,0.0,False
control,0.7,5,control_p0.7_r05,6,27.07552083333333,27.07552083333333,0.0,False
control,0.7,5,control_p0.7_r05,7,27.10549045138889,27.10549045138889,0.0,False
control,0.7,6,control_p0.7_r06,0,27.13834635416667,27.13834635416667,0.0,False
control,0.7,6,control_p0.7_r06,1,27.1818359375,27.1818359375,0.0,False
control,0.7,6,control_p0.7_r06,2,27.16890190972222,27.16890190972222,0.0,False
control,0.7,6,control_p0.7_r06,3,27.048893229166666,27.048893229166666,0.0,False
control,0.7,6,control_p0.7_r06,4,27.113042534722226,27.113042534722226,0.0,False
control,0.7,6,control_p0.7_r06,5,27.089149305555555,27.089149305555555,0.0,False
control,0.7,6,control_p0.7_r06,6,27.037282986111112,27.037282986111112,0.0,False
control,0.7,6,control_p0.7_r06,7,27.157096354166665,27.157096354166665,0.0,False
control,0.7,7,control_p0.7_r07,0,27.08591579861111,27.08591579861111,0.0,False
control,0.7,7,control_p0.7_r07,1,27.18797743055556,27.18797743055556,0.0,False
control,0.7,7,control_p0.7_r07,2,27.28674045138889,27.28674045138889,0.0,False
control,0.7,7,control_p0.7_r07,3,27.06773003472222,27.06773003472222,0.0,False
control,0.7,7,control_p0.7_r07,4,27.181011284722224,27.181011284722224,0.0,False
control,0.7,7,control_p0.7_r07,5,27.11976996527778,27.11976996527778,0.0,False
control,0.7,7,control_p0.7_r07,6,27.13806423611111,27.13806423611111,0.0,False
control,0.7,7,control_p0.7_r07,7,27.1865234375,27.1865234375,0.0,False
control,0.7,8,control_p0.7_r08,0,27.098328993055556,27.098328993055556,0.0,False
control,0.7,8,control_p0.7_r08,1,27.13504774305555,27.13504774305555,0.0,False
control,0.7,8,control_p0.7_r08,2,27.042035590277777,27.042035590277777,0.0,False
control,0.7,8,control_p0.7_r08,3,27.053819444444443,27.053819444444443,0.0,False
control,0.7,8,control_p0.7_r08,4,27.213346354166664,27.213346354166664,0.0,False
control,0.7,8,control_p0.7_r08,5,27.10887586805556,27.10887586805556,0.0,False
control,0.7,8,control_p0.7_r08,6,27.322786458333333,27.322786458333333,0.0,False
control,0.7,8,control_p0.7_r08,7,27.13895399305556,27.13895399305556,0.0,False
control,0.7,9,control_p0.7_r09,0,27.14670138888889,27.14670138888889,0.0,False
control,0.7,9,control_p0.7_r09,1,27.296940104166666,27.296940104166666,0.0,False
control,0.7,9,control_p0.7_r09,2,27.08563368055556,27.08563368055556,0.0,False
control,0.7,9,control_p0.7_r09,3,27.18172743055556,27.18172743055556,0.0,False
control,0.7,9,control_p0.7_r09,4,27.101388888888888,27.101388888888888,0.0,False
control,0.7,9,control_p0.7_r09,5,27.207899305555557,27.207899305555557,0.0,False
control,0.7,9,control_p0.7_r09,6,27.189800347222217,27.189800347222217,0.0,False
control,0.7,9,control_p0.7_r09,7,27.0546875,27.0546875,0.0,False
control,0.7,10,control_p0.7_r10,0,27.18454861111111,27.18454861111111,0.0,False
control,0.7,10,control_p0.7_r10,1,27.10325520833333,27.10325520833333,0.0,False
control,0.7,10,control_p0.7_r10,2,27.195746527777786,27.195746527777786,0.0,False
control,0.7,10,control_p0.7_r10,3,27.12196180555556,27.12196180555556,0.0,False
control,0.7,10,control_p0.7_r10,4,27.126280381944447,27.126280381944447,0.0,False
control,0.7,10,control_p0.7_r10,5,27.321137152777773,27.321137152777773,0.0,False
control,0.7,10,control_p0.7_r10,6,27.099913194444444,27.099913194444444,0.0,False
control,0.7,10,control_p0.7_r10,7,27.198893229166668,27.198893229166668,0.0,False
control,0.7,11,control_p0.7_r11,0,27.1150390625,27.1150390625,0.0,False
control,0.7,11,control_p0.7_r11,1,27.12805989583333,27.12805989583333,0.0,False
control,0.7,11,control_p0.7_r11,2,27.17667100694445,27.17667100694445,0.0,False
control,0.7,11,control_p0.7_r11,3,27.282638888888886,27.282638888888886,0.0,False
control,0.7,11,control_p0.7_r11,4,27.055208333333336,27.055208333333336,0.0,False
control,0.7,11,control_p0.7_r11,5,27.09463975694445,27.09463975694445,0.0,False
control,0.7,11,control_p0.7_r11,6,27.196072048611107,27.196072048611107,0.0,False
control,0.7,11,control_p0.7_r11,7,26.987651909722224,26.987651909722224,0.0,False
control,0.7,12,control_p0.7_r12,0,27.178428819444445,27.178428819444445,0.0,False
control,0.7,12,control_p0.7_r12,1,27.0876953125,27.0876953125,0.0,False
control,0.7,12,control_p0.7_r12,2,27.14887152777778,27.14887152777778,0.0,False
control,0.7,12,control_p0.7_r12,3,27.150217013888888,27.150217013888888,0.0,False
control,0.7,12,control_p0.7_r12,4,27.207769097222226,27.207769097222226,0.0,False
control,0.7,12,control_p0.7_r12,5,27.157335069444443,27.157335069444443,0.0,False
control,0.7,12,control_p0.7_r12,6,27.196072048611107,27.196072048611107,0.0,False
control,0.7,12,control_p0.7_r12,7,27.28430989583333,27.28430989583333,0.0,False
control,0.7,13,control_p0.7_r13,0,27.20314670138889,27.20314670138889,0.0,False
control,0.7,13,control_p0.7_r13,1,27.02934027777778,27.02934027777778,0.0,False
control,0.7,13,control_p0.7_r13,2,27.206879340277773,27.206879340277773,0.0,False
control,0.7,13,control_p0.7_r13,3,27.255316840277786,27.255316840277786,0.0,False
control,0.7,13,control_p0.7_r13,4,27.12942708333333,27.12942708333333,0.0,False
control,0.7,13,control_p0.7_r13,5,27.18470052083333,27.18470052083333,0.0,False
control,0.7,13,control_p0.7_r13,6,27.077734375,27.077734375,0.0,False
control,0.7,13,control_p0.7_r13,7,27.17647569444444,27.17647569444444,0.0,False
control,0.7,14,control_p0.7_r14,0,27.16384548611111,27.16384548611111,0.0,False
control,0.7,14,control_p0.7_r14,1,27.07074652777778,27.07074652777778,0.0,False
control,0.7,14,control_p0.7_r14,2,27.177560763888888,27.177560763888888,0.0,False
control,0.7,14,control_p0.7_r14,3,27.155121527777776,27.155121527777776,0.0,False
control,0.7,14,control_p0.7_r14,4,27.00572916666667,27.00572916666667,0.0,False
control,0.7,14,control_p0.7_r14,5,27.09309895833333,27.09309895833333,0.0,False
control,0.7,14,control_p0.7_r14,6,27.154535590277774,27.154535590277774,0.0,False
control,0.7,14,control_p0.7_r14,7,27.049197048611106,27.049197048611106,0.0,False
control,0.7,15,control_p0.7_r15,0,27.191449652777777,27.191449652777777,0.0,False
control,0.7,15,control_p0.7_r15,1,27.1966796875,27.1966796875,0.0,False
control,0.7,15,control_p0.7_r15,2,27.040299479166663,27.040299479166663,0.0,False
control,0.7,15,control_p0.7_r15,3,27.2115234375,27.2115234375,0.0,False
control,0.7,15,control_p0.7_r15,4,27.102604166666666,27.102604166666666,0.0,False
control,0.7,15,control_p0.7_r15,5,27.19676649305556,27.19676649305556,0.0,False
control,0.7,15,control_p0.7_r15,6,27.00340711805556,27.00340711805556,0.0,False
control,0.7,15,control_p0.7_r15,7,27.107725694444444,27.107725694444444,0.0,False
control,0.7,16,control_p0.7_r16,0,27.172526041666664,27.172526041666664,0.0,False
control,0.7,16,control_p0.7_r16,1,27.22189670138889,27.22189670138889,0.0,False
control,0.7,16,control_p0.7_r16,2,27.10746527777778,27.10746527777778,0.0,False
control,0.7,16,control_p0.7_r16,3,27.137326388888887,27.137326388888887,0.0,False
control,0.7,16,control_p0.7_r16,4,27.187456597222223,27.187456597222223,0.0,False
control,0.7,16,control_p0.7_r16,5,27.23138020833333,27.23138020833333,0.0,False
control,0.7,16,control_p0.7_r16,6,27.097482638888884,27.097482638888884,0.0,False
control,0.7,16,control_p0.7_r16,7,27.133268229166667,27.133268229166667,0.0,False
control,0.7,17,control_p0.7_r17,0,27.197026909722226,27.197026909722226,0.0,False
control,0.7,17,control_p0.7_r17,1,27.07827690972222,27.07827690972222,0.0,False
control,0.7,17,control_p0.7_r17,2,27.078125,27.078125,0.0,False
control,0.7,17,control_p0.7_r17,3,27.308355034722226,27.308355034722226,0.0,False
control,0.7,17,control_p0.7_r17,4,27.148198784722226,27.148198784722226,0.0,False
control,0.7,17,control_p0.7_r17,5,27.043923611111115,27.043923611111115,0.0,False
control,0.7,17,control_p0.7_r17,6,27.07866753472222,27.07866753472222,0.0,False
control,0.7,17,control_p0.7_r17,7,27.12165798611112,27.12165798611112,0.0,False
control,0.7,18,control_p0.7_r18,0,27.25967881944445,27.25967881944445,0.0,False
control,0.7,18,control_p0.7_r18,1,26.993619791666667,26.993619791666667,0.0,False
control,0.7,18,control_p0.7_r18,2,27.13244357638889,27.13244357638889,0.0,False
control,0.7,18,control_p0.7_r18,3,27.049348958333336,27.049348958333336,0.0,False
control,0.7,18,control_p0.7_r18,4,27.237847222222214,27.237847222222214,0.0,False
control,0.7,18,control_p0.7_r18,5,27.22647569444445,27.22647569444445,0.0,False
control,0.7,18,control_p0.7_r18,6,27.204709201388887,27.204709201388887,0.0,False
control,0.7,18,control_p0.7_r18,7,27.16725260416667,27.16725260416667,0.0,False
control,0.7,19,control_p0.7_r19,0,27.14704861111111,27.14704861111111,0.0,False
control,0.7,19,control_p0.7_r19,1,27.193663194444444,27.193663194444444,0.0,False
control,0.7,19,control_p0.7_r19,2,27.141775173611112,27.141775173611112,0.0,False
control,0.7,19,control_p0.7_r19,3,27.164105902777777,27.164105902777777,0.0,False
control,0.7,19,control_p0.7_r19,4,27.268077256944448,27.268077256944448,0.0,False
control,0.7,19,control_p0.7_r19,5,27.17061631944445,27.17061631944445,0.0,False
control,0.7,19,control_p0.7_r19,6,27.097439236111107,27.097439236111107,0.0,False
control,0.7,19,control_p0.7_r19,7,27.125781250000003,27.125781250000003,0.0,False
control,0.8,0,control_p0.8_r00,0,27.12406684027778,27.12406684027778,0.0,False
control,0.8,0,control_p0.8_r00,1,27.122374131944444,27.122374131944444,0.0,False
control,0.8,0,control_p0.8_r00,2,27.229796006944444,27.229796006944444,0.0,False
control,0.8,0,control_p0.8_r00,3,27.106640625000004,27.106640625000004,0.0,False
control,0.8,0,control_p0.8_r00,4,27.17254774305556,27.17254774305556,0.0,False
control,0.8,0,control_p0.8_r00,5,27.00726996527778,27.00726996527778,0.0,False
control,0.8,0,control_p0.8_r00,6,27.20965711805555,27.20965711805555,0.0,False
control,0.8,0,control_p0.8_r00,7,26.97964409722222,26.97964409722222,0.0,False
control,0.8,1,control_p0.8_r01,0,27.139518229166665,27.139518229166665,0.0,False
control,0.8,1,control_p0.8_r01,1,27.321549479166663,27.321549479166663,0.0,False
control,0.8,1,control_p0.8_r01,2,27.112999131944445,27.112999131944445,0.0,False
control,0.8,1,control_p0.8_r01,3,27.27536892361111,27.27536892361111,0.0,False
control,0.8,1,control_p0.8_r01,4,27.247808159722226,27.247808159722226,0.0,False
control,0.8,1,control_p0.8_r01,5,27.175303819444448,27.175303819444448,0.0,False
control,0.8,1,control_p0.8_r01,6,27.03891059027778,27.03891059027778,0.0,False
control,0.8,1,control_p0.8_r01,7,27.050455729166668,27.050455729166668,0.0,False
control,0.8,2,control_p0.8_r02,0,27.05164930555556,27.05164930555556,0.0,False
control,0.8,2,control_p0.8_r02,1,27.05696614583333,27.05696614583333,0.0,False
control,0.8,2,control_p0.8_r02,2,27.227365451388888,27.227365451388888,0.0,False
control,0.8,2,control_p0.8_r02,3,27.11067708333333,27.11067708333333,0.0,False
control,0.8,2,control_p0.8_r02,4,27.00698784722222,27.00698784722222,0.0,False
control,0.8,2,control_p0.8_r02,5,27.183029513888886,27.183029513888886,0.0,False
control,0.8,2,control_p0.8_r02,6,27.280815972222225,27.280815972222225,0.0,False
control,0.8,2,control_p0.8_r02,7,27.13420138888889,27.13420138888889,0.0,False
control,0.8,3,control_p0.8_r03,0,27.20954861111111,27.20954861111111,0.0,False
control,0.8,3,control_p0.8_r03,1,27.136979166666663,27.136979166666663,0.0,False
control,0.8,3,control_p0.8_r03,2,27.32406684027778,27.32406684027778,0.0,False
control,0.8,3,control_p0.8_r03,3,27.107313368055557,27.107313368055557,0.0,False
control,0.8,3,control_p0.8_r03,4,26.98450520833333,26.98450520833333,0.0,False
control,0.8,3,control_p0.8_r03,5,27.20813802083333,27.20813802083333,0.0,False
control,0.8,3,control_p0.8_r03,6,27.132335069444448,27.132335069444448,0.0,False
control,0.8,3,control_p0.8_r03,7,27.15347222222222,27.15347222222222,0.0,False
control,0.8,4,control_p0.8_r04,0,27.10297309027778,27.10297309027778,0.0,False
control,0.8,4,control_p0.8_r04,1,27.17293836805556,27.17293836805556,0.0,False
control,0.8,4,control_p0.8_r04,2,27.08355034722222,27.08355034722222,0.0,False
control,0.8,4,control_p0.8_r04,3,27.221744791666666,27.221744791666666,0.0,False
control,0.8,4,control_p0.8_r04,4,27.22549913194444,27.22549913194444,0.0,False
control,0.8,4,control_p0.8_r04,5,27.054427083333337,27.054427083333337,0.0,False
control,0.8,4,control_p0.8_r04,6,27.12610677083333,27.12610677083333,0.0,False
control,0.8,4,control_p0.8_r04,7,27.15041232638889,27.15041232638889,0.0,False
control,0.8,5,control_p0.8_r05,0,27.21577690972222,27.21577690972222,0.0,False
control,0.8,5,control_p0.8_r05,1,27.14242621527778,27.14242621527778,0.0,False
control,0.8,5,control_p0.8_r05,2,27.239561631944444,27.239561631944444,0.0,False
control,0.8,5,control_p0.8_r05,3,27.2505859375,27.2505859375,0.0,False
control,0.8,5,control_p0.8_r05,4,27.272026909722214,27.272026909722214,0.0,False
control,0.8,5,control_p0.8_r05,5,27.138042534722228,27.138042534722228,0.0,False
control,0.8,5,control_p0.8_r05,6,27.162847222222226,27.162847222222226,0.0,False
control,0.8,5,control_p0.8_r05,7,27.08982204861111,27.08982204861111,0.0,False
control,0.8,6,control_p0.8_r06,0,27.119444444444447,27.119444444444447,0.0,False
control,0.8,6,control_p0.8_r06,1,27.059874131944447,27.059874131944447,0.0,False
control,0.8,6,control_p0.8_r06,2,27.238910590277783,27.238910590277783,0.0,False
control,0.8,6,control_p0.8_r06,3,27.23706597222222,27.23706597222222,0.0,False
control,0.8,6,control_p0.8_r06,4,27.103689236111112,27.103689236111112,0.0,False
control,0.8,6,control_p0.8_r06,5,27.048394097222225,27.048394097222225,0.0,False
control,0.8,6,control_p0.8_r06,6,27.152495659722224,27.152495659722224,0.0,False
control,0.8,6,control_p0.8_r06,7,27.137543402777776,27.137543402777776,0.0,False
control,0.8,7,control_p0.8_r07,0,27.087217881944447,27.087217881944447,0.0,False
control,0.8,7,control_p0.8_r07,1,27.1236328125,27.1236328125,0.0,False
control,0.8,7,control_p0.8_r07,2,27.253146701388893,27.253146701388893,0.0,False
control,0.8,7,control_p0.8_r07,3,27.138020833333336,27.138020833333336,0.0,False
control,0.8,7,control_p0.8_r07,4,27.118532986111116,27.118532986111116,0.0,False
control,0.8,7,control_p0.8_r07,5,27.10234375,27.10234375,0.0,False
control,0.8,7,control_p0.8_r07,6,26.97033420138889,26.97033420138889,0.0,False
control,0.8,7,control_p0.8_r07,7,27.176974826388893,27.176974826388893,0.0,False
control,0.8,8,control_p0.8_r08,0,27.062087673611103,27.062087673611103,0.0,False
control,0.8,8,control_p0.8_r08,1,27.141905381944447,27.141905381944447,0.0,False
control,0.8,8,control_p0.8_r08,2,27.13042534722222,27.13042534722222,0.0,False
control,0.8,8,control_p0.8_r08,3,27.08040364583333,27.08040364583333,0.0,False
control,0.8,8,control_p0.8_r08,4,27.17276475694444,27.17276475694444,0.0,False
control,0.8,8,control_p0.8_r08,5,27.18517795138889,27.18517795138889,0.0,False
control,0.8,8,control_p0.8_r08,6,27.18263888888889,27.18263888888889,0.0,False
control,0.8,8,control_p0.8_r08,7,27.09950086805556,27.09950086805556,0.0,False
control,0.8,9,control_p0.8_r09,0,26.938780381944447,26.938780381944447,0.0,False
control,0.8,9,control_p0.8_r09,1,27.069140625,27.069140625,0.0,False
control,0.8,9,control_p0.8_r09,2,27.23259548611112,27.23259548611112,0.0,False
control,0.8,9,control_p0.8_r09,3,27.09884982638889,27.09884982638889,0.0,False
control,0.8,9,control_p0.8_r09,4,27.06801215277778,27.06801215277778,0.0,False
control,0.8,9,control_p0.8_r09,5,27.09639756944445,27.09639756944445,0.0,False
control,0.8,9,control_p0.8_r09,6,27.16781684027778,27.16781684027778,0.0,False
control,0.8,9,control_p0.8_r09,7,27.18860677083333,27.18860677083333,0.0,False
control,0.8,10,control_p0.8_r10,0,27.20305989583333,27.20305989583333,0.0,False
control,0.8,10,control_p0.8_r10,1,27.139691840277777,27.139691840277777,0.0,False
control,0.8,10,control_p0.8_r10,2,27.10852864583333,27.10852864583333,0.0,False
control,0.8,10,control_p0.8_r10,3,27.102734375,27.102734375,0.0,False
control,0.8,10,control_p0.8_r10,4,26.950542534722224,26.950542534722224,0.0,False
control,0.8,10,control_p0.8_r10,5,27.10086805555555,27.10086805555555,0.0,False
control,0.8,10,control_p0.8_r10,6,27.2984375,27.2984375,0.0,False
control,0.8,10,control_p0.8_r10,7,27.168424479166667,27.168424479166667,0.0,False
control,0.8,11,control_p0.8_r11,0,27.228906249999994,27.228906249999994,0.0,False
control,0.8,11,control_p0.8_r11,1,27.119184027777777,27.119184027777777,0.0,False
control,0.8,11,control_p0.8_r11,2,27.13572048611111,27.13572048611111,0.0,False
control,0.8,11,control_p0.8_r11,3,27.21979166666667,27.21979166666667,0.0,False
control,0.8,11,control_p0.8_r11,4,27.263302951388887,27.263302951388887,0.0,False
control,0.8,11,control_p0.8_r11,5,27.067447916666666,27.067447916666666,0.0,False
control,0.8,11,control_p0.8_r11,6,27.14650607638889,27.14650607638889,0.0,False
control,0.8,11,control_p0.8_r11,7,27.22057291666667,27.22057291666667,0.0,False
control,0.8,12,control_p0.8_r12,0,27.16640625,27.16640625,0.0,False
control,0.8,12,control_p0.8_r12,1,27.147851562500005,27.147851562500005,0.0,False
control,0.8,12,control_p0.8_r12,2,27.08372395833333,27.08372395833333,0.0,False
control,0.8,12,control_p0.8_r12,3,27.22044270833333,27.22044270833333,0.0,False
control,0.8,12,control_p0.8_r12,4,27.131098090277774,27.131098090277774,0.0,False
control,0.8,12,control_p0.8_r12,5,27.2154296875,27.2154296875,0.0,False
control,0.8,12,control_p0.8_r12,6,27.2037109375,27.2037109375,0.0,False
control,0.8,12,control_p0.8_r12,7,27.13630642361112,27.13630642361112,0.0,False
control,0.8,13,control_p0.8_r13,0,27.108658854166663,27.108658854166663,0.0,False
control,0.8,13,control_p0.8_r13,1,27.16421440972222,27.16421440972222,0.0,False
control,0.8,13,control_p0.8_r13,2,27.182703993055554,27.182703993055554,0.0,False
control,0.8,13,control_p0.8_r13,3,27.11859809027778,27.11859809027778,0.0,False
control,0.8,13,control_p0.8_r13,4,27.171571180555556,27.171571180555556,0.0,False
control,0.8,13,control_p0.8_r13,5,27.125086805555554,27.125086805555554,0.0,False
control,0.8,13,control_p0.8_r13,6,27.180186631944444,27.180186631944444,0.0,False
control,0.8,13,control_p0.8_r13,7,27.15835503472222,27.15835503472222,0.0,False
control,0.8,14,control_p0.8_r14,0,27.08470052083333,27.08470052083333,0.0,False
control,0.8,14,control_p0.8_r14,1,27.17575954861111,27.17575954861111,0.0,False
control,0.8,14,control_p0.8_r14,2,26.99893663194444,26.99893663194444,0.0,False
control,0.8,14,control_p0.8_r14,3,27.1857421875,27.1857421875,0.0,False
control,0.8,14,control_p0.8_r14,4,27.1146484375,27.1146484375,0.0,False
control,0.8,14,control_p0.8_r14,5,27.28719618055556,27.28719618055556,0.0,False
control,0.8,14,control_p0.8_r14,6,27.23463541666667,27.23463541666667,0.0,False
control,0.8,14,control_p0.8_r14,7,27.224348958333334,27.224348958333334,0.0,False
control,0.8,15,control_p0.8_r15,0,27.13634982638889,27.13634982638889,0.0,False
control,0.8,15,control_p0.8_r15,1,27.169249131944444,27.169249131944444,0.0,False
control,0.8,15,control_p0.8_r15,2,27.111111111111114,27.111111111111114,0.0,False
control,0.8,15,control_p0.8_r15,3,27.17102864583333,27.17102864583333,0.0,False
control,0.8,15,control_p0.8_r15,4,27.064236111111107,27.064236111111107,0.0,False
control,0.8,15,control_p0.8_r15,5,27.268142361111117,27.268142361111117,0.0,False
control,0.8,15,control_p0.8_r15,6,27.157660590277786,27.157660590277786,0.0,False
control,0.8,15,control_p0.8_r15,7,27.09926215277778,27.09926215277778,0.0,False
control,0.8,16,control_p0.8_r16,0,27.096158854166664,27.096158854166664,0.0,False
control,0.8,16,control_p0.8_r16,1,27.10716145833333,27.10716145833333,0.0,False
control,0.8,16,control_p0.8_r16,2,27.09841579861111,27.09841579861111,0.0,False
control,0.8,16,control_p0.8_r16,3,27.130034722222224,27.130034722222224,0.0,False
control,0.8,16,control_p0.8_r16,4,27.064908854166667,27.064908854166667,0.0,False
control,0.8,16,control_p0.8_r16,5,27.19064670138889,27.19064670138889,0.0,False
control,0.8,16,control_p0.8_r16,6,27.302473958333334,27.302473958333334,0.0,False
control,0.8,16,control_p0.8_r16,7,27.158767361111117,27.158767361111117,0.0,False
control,0.8,17,control_p0.8_r17,0,27.148958333333336,27.148958333333336,0.0,False
control,0.8,17,control_p0.8_r17,1,27.255750868055557,27.255750868055557,0.0,False
control,0.8,17,control_p0.8_r17,2,27.107530381944446,27.107530381944446,0.0,False
control,0.8,17,control_p0.8_r17,3,27.133072916666663,27.133072916666663,0.0,False
control,0.8,17,control_p0.8_r17,4,27.133745659722223,27.133745659722223,0.0,False
control,0.8,17,control_p0.8_r17,5,27.184917534722224,27.184917534722224,0.0,False
control,0.8,17,control_p0.8_r17,6,27.198198784722223,27.198198784722223,0.0,False
control,0.8,17,control_p0.8_r17,7,27.05655381944444,27.05655381944444,0.0,False
control,0.8,18,control_p0.8_r18,0,27.08949652777778,27.08949652777778,0.0,False
control,0.8,18,control_p0.8_r18,1,27.090928819444443,27.090928819444443,0.0,False
control,0.8,18,control_p0.8_r18,2,27.152625868055555,27.152625868055555,0.0,False
control,0.8,18,control_p0.8_r18,3,27.20438368055555,27.20438368055555,0.0,False
control,0.8,18,control_p0.8_r18,4,27.163411458333336,27.163411458333336,0.0,False
control,0.8,18,control_p0.8_r18,5,27.101779513888893,27.101779513888893,0.0,False
control,0.8,18,control_p0.8_r18,6,26.936263020833334,26.936263020833334,0.0,False
control,0.8,18,control_p0.8_r18,7,27.21341145833333,27.21341145833333,0.0,False
control,0.8,19,control_p0.8_r19,0,27.16469184027777,27.16469184027777,0.0,False
control,0.8,19,control_p0.8_r19,1,27.1037109375,27.1037109375,0.0,False
control,0.8,19,control_p0.8_r19,2,27.07445746527777,27.07445746527777,0.0,False
control,0.8,19,control_p0.8_r19,3,27.206987847222223,27.206987847222223,0.0,False
control,0.8,19,control_p0.8_r19,4,27.18198784722222,27.18198784722222,0.0,False
control,0.8,19,control_p0.8_r19,5,27.108984374999995,27.108984374999995,0.0,False
control,0.8,19,control_p0.8_r19,6,27.10401475694444,27.10401475694444,0.0,False
control,0.8,19,control_p0.8_r19,7,27.110438368055554,27.110438368055554,0.0,False
control,0.9,0,control_p0.9_r00,0,27.075520833333336,27.075520833333336,0.0,False
control,0.9,0,control_p0.9_r00,1,27.16736111111111,27.16736111111111,0.0,False
control,0.9,0,control_p0.9_r00,2,27.16236979166667,27.16236979166667,0.0,False
control,0.9,0,control_p0.9_r00,3,27.051996527777774,27.051996527777774,0.0,False
control,0.9,0,control_p0.9_r00,4,27.104296875000003,27.104296875000003,0.0,False
control,0.9,0,control_p0.9_r00,5,27.206792534722226,27.206792534722226,0.0,False
control,0.9,0,control_p0.9_r00,6,27.1537109375,27.1537109375,0.0,False
control,0.9,0,control_p0.9_r00,7,27.11417100694444,27.11417100694444,0.0,False
control,0.9,1,control_p0.9_r01,0,27.18070746527778,27.18070746527778,0.0,False
control,0.9,1,control_p0.9_r01,1,27.30948350694444,27.30948350694444,0.0,False
control,0.9,1,control_p0.9_r01,2,27.169379340277786,27.169379340277786,0.0,False
control,0.9,1,control_p0.9_r01,3,27.16048177083333,27.16048177083333,0.0,False
control,0.9,1,control_p0.9_r01,4,27.13921440972222,27.13921440972222,0.0,False
control,0.9,1,control_p0.9_r01,5,27.0650390625,27.0650390625,0.0,False
control,0.9,1,control_p0.9_r01,6,27.176909722222224,27.176909722222224,0.0,False
control,0.9,1,control_p0.9_r01,7,27.085980902777774,27.085980902777774,0.0,False
control,0.9,2,control_p0.9_r02,0,27.096896701388893,27.096896701388893,0.0,False
control,0.9,2,control_p0.9_r02,1,27.04581163194445,27.04581163194445,0.0,False
control,0.9,2,control_p0.9_r02,2,27.127213541666663,27.127213541666663,0.0,False
control,0.9,2,control_p0.9_r02,3,27.15907118055556,27.15907118055556,0.0,False
control,0.9,2,control_p0.9_r02,4,27.22992621527778,27.22992621527778,0.0,False
control,0.9,2,control_p0.9_r02,5,27.11512586805556,27.11512586805556,0.0,False
control,0.9,2,control_p0.9_r02,6,27.173372395833336,27.173372395833336,0.0,False
control,0.9,2,control_p0.9_r02,7,27.15720486111111,27.15720486111111,0.0,False
control,0.9,3,control_p0.9_r03,0,27.15180121527778,27.15180121527778,0.0,False
control,0.9,3,control_p0.9_r03,1,27.19164496527777,27.19164496527777,0.0,False
control,0.9,3,control_p0.9_r03,2,27.28602430555556,27.28602430555556,0.0,False
control,0.9,3,control_p0.9_r03,3,27.230338541666665,27.230338541666665,0.0,False
control,0.9,3,control_p0.9_r03,4,27.110460069444443,27.110460069444443,0.0,False
control,0.9,3,control_p0.9_r03,5,27.162521701388886,27.162521701388886,0.0,False
control,0.9,3,control_p0.9_r03,6,27.060785590277774,27.060785590277774,0.0,False
control,0.9,3,control_p0.9_r03,7,27.24505208333333,27.24505208333333,0.0,False
control,0.9,4,control_p0.9_r04,0,27.267339409722226,27.267339409722226,0.0,False
control,0.9,4,control_p0.9_r04,1,27.264409722222226,27.264409722222226,0.0,False
control,0.9,4,control_p0.9_r04,2,27.10928819444444,27.10928819444444,0.0,False
control,0.9,4,control_p0.9_r04,3,26.97469618055556,26.97469618055556,0.0,False
control,0.9,4,control_p0.9_r04,4,27.24207899305556,27.24207899305556,0.0,False
control,0.9,4,control_p0.9_r04,5,27.205164930555554,27.205164930555554,0.0,False
control,0.9,4,control_p0.9_r04,6,27.11864149305556,27.11864149305556,0.0,False
control,0.9,4,control_p0.9_r04,7,27.05811631944444,27.05811631944444,0.0,False
control,0.9,5,control_p0.9_r05,0,27.025651041666663,27.025651041666663,0.0,False
control,0.9,5,control_p0.9_r05,1,27.09613715277778,27.09613715277778,0.0,False
control,0.9,5,control_p0.9_r05,2,27.180946180555555,27.180946180555555,0.0,False
control,0.9,5,control_p0.9_r05,3,27.023198784722226,27.023198784722226,0.0,False
control,0.9,5,control_p0.9_r05,4,27.11740451388889,27.11740451388889,0.0,False
control,0.9,5,control_p0.9_r05,5,27.23958333333333,27.23958333333333,0.0,False
control,0.9,5,control_p0.9_r05,6,27.09368489583333,27.09368489583333,0.0,False
control,0.9,5,control_p0.9_r05,7,27.17426215277778,27.17426215277778,0.0,False
control,0.9,6,control_p0.9_r06,0,27.210503472222225,27.210503472222225,0.0,False
control,0.9,6,control_p0.9_r06,1,27.033550347222224,27.033550347222224,0.0,False
control,0.9,6,control_p0.9_r06,2,27.117469618055555,27.117469618055555,0.0,False
control,0.9,6,control_p0.9_r06,3,27.10169270833333,27.10169270833333,0.0,False
control,0.9,6,control_p0.9_r06,4,27.050846354166666,27.050846354166666,0.0,False
control,0.9,6,control_p0.9_r06,5,27.15978732638889,27.15978732638889,0.0,False
control,0.9,6,control_p0.9_r06,6,27.10874565972222,27.10874565972222,0.0,False
control,0.9,6,control_p0.9_r06,7,27.17222222222222,27.17222222222222,0.0,False
control,0.9,7,control_p0.9_r07,0,27.222287326388887,27.222287326388887,0.0,False
control,0.9,7,control_p0.9_r07,1,27.14479166666667,27.14479166666667,0.0,False
control,0.9,7,control_p0.9_r07,2,27.063585069444443,27.063585069444443,0.0,False
control,0.9,7,control_p0.9_r07,3,27.11759982638889,27.11759982638889,0.0,False
control,0.9,7,control_p0.9_r07,4,27.14826388888889,27.14826388888889,0.0,False
control,0.9,7,control_p0.9_r07,5,27.138932291666663,27.138932291666663,0.0,False
control,0.9,7,control_p0.9_r07,6,27.11614583333333,27.11614583333333,0.0,False
control,0.9,7,control_p0.9_r07,7,27.17918836805556,27.17918836805556,0.0,False
control,0.9,8,control_p0.9_r08,0,27.11009114583333,27.11009114583333,0.0,False
control,0.9,8,control_p0.9_r08,1,27.18381076388889,27.18381076388889,0.0,False
control,0.9,8,control_p0.9_r08,2,27.035460069444444,27.035460069444444,0.0,False
control,0.9,8,control_p0.9_r08,3,27.16195746527778,27.16195746527778,0.0,False
control,0.9,8,control_p0.9_r08,4,27.08146701388889,27.08146701388889,0.0,False
control,0.9,8,control_p0.9_r08,5,27.219140625,27.219140625,0.0,False
control,0.9,8,control_p0.9_r08,6,27.311957465277786,27.311957465277786,0.0,False
control,0.9,8,control_p0.9_r08,7,27.105577256944443,27.105577256944443,0.0,False
control,0.9,9,control_p0.9_r09,0,27.132096354166663,27.132096354166663,0.0,False
control,0.9,9,control_p0.9_r09,1,27.007964409722224,27.007964409722224,0.0,False
control,0.9,9,control_p0.9_r09,2,27.02868923611111,27.02868923611111,0.0,False
control,0.9,9,control_p0.9_r09,3,27.18224826388889,27.18224826388889,0.0,False
control,0.9,9,control_p0.9_r09,4,27.11267361111111,27.11267361111111,0.0,False
control,0.9,9,control_p0.9_r09,5,27.06206597222222,27.06206597222222,0.0,False
control,0.9,9,control_p0.9_r09,6,26.99947916666666,26.99947916666666,0.0,False
control,0.9,9,control_p0.9_r09,7,27.189756944444444,27.189756944444444,0.0,False
control,0.9,10,control_p0.9_r10,0,27.184353298611107,27.184353298611107,0.0,False
control,0.9,10,control_p0.9_r10,1,27.14266493055556,27.14266493055556,0.0,False
control,0.9,10,control_p0.9_r10,2,27.01490885416667,27.01490885416667,0.0,False
control,0.9,10,control_p0.9_r10,3,27.117968750000003,27.117968750000003,0.0,False
control,0.9,10,control_p0.9_r10,4,27.151171875000003,27.151171875000003,0.0,False
control,0.9,10,control_p0.9_r10,5,27.06384548611111,27.06384548611111,0.0,False
control,0.9,10,control_p0.9_r10,6,27.25859375,27.25859375,0.0,False
control,0.9,10,control_p0.9_r10,7,27.246484375,27.246484375,0.0,False
control,0.9,11,control_p0.9_r11,0,27.160785590277776,27.160785590277776,0.0,False
control,0.9,11,control_p0.9_r11,1,27.090863715277777,27.090863715277777,0.0,False
control,0.9,11,control_p0.9_r11,2,27.044097222222224,27.044097222222224,0.0,False
control,0.9,11,control_p0.9_r11,3,27.10349392361111,27.10349392361111,0.0,False
control,0.9,11,control_p0.9_r11,4,27.163802083333337,27.163802083333337,0.0,False
control,0.9,11,control_p0.9_r11,5,27.142664930555554,27.142664930555554,0.0,False
control,0.9,11,control_p0.9_r11,6,27.10412326388889,27.10412326388889,0.0,False
control,0.9,11,control_p0.9_r11,7,27.139605034722223,27.139605034722223,0.0,False
control,0.9,12,control_p0.9_r12,0,27.16529947916667,27.16529947916667,0.0,False
control,0.9,12,control_p0.9_r12,1,27.17172309027778,27.17172309027778,0.0,False
control,0.9,12,control_p0.9_r12,2,27.1220703125,27.1220703125,0.0,False
control,0.9,12,control_p0.9_r12,3,27.084678819444445,27.084678819444445,0.0,False
control,0.9,12,control_p0.9_r12,4,27.141471354166665,27.141471354166665,0.0,False
control,0.9,12,control_p0.9_r12,5,27.09266493055556,27.09266493055556,0.0,False
control,0.9,12,control_p0.9_r12,6,27.044748263888888,27.044748263888888,0.0,False
control,0.9,12,control_p0.9_r12,7,27.15132378472222,27.15132378472222,0.0,False
control,0.9,13,control_p0.9_r13,0,27.1568359375,27.1568359375,0.0,False
control,0.9,13,control_p0.9_r13,1,27.07925347222222,27.07925347222222,0.0,False
control,0.9,13,control_p0.9_r13,2,27.188758680555555,27.188758680555555,0.0,False
control,0.9,13,control_p0.9_r13,3,27.14598524305556,27.14598524305556,0.0,False
control,0.9,13,control_p0.9_r13,4,27.248307291666663,27.248307291666663,0.0,False
control,0.9,13,control_p0.9_r13,5,27.028385416666666,27.028385416666666,0.0,False
control,0.9,13,control_p0.9_r13,6,27.15266927083333,27.15266927083333,0.0,False
control,0.9,13,control_p0.9_r13,7,27.162065972222223,27.162065972222223,0.0,False
control,0.9,14,control_p0.9_r14,0,27.06825086805556,27.06825086805556,0.0,False
control,0.9,14,control_p0.9_r14,1,27.1025390625,27.1025390625,0.0,False
control,0.9,14,control_p0.9_r14,2,27.13268229166667,27.13268229166667,0.0,False
control,0.9,14,control_p0.9_r14,3,27.07456597222222,27.07456597222222,0.0,False
control,0.9,14,control_p0.9_r14,4,27.15703125,27.15703125,0.0,False
control,0.9,14,control_p0.9_r14,5,27.15447048611111,27.15447048611111,0.0,False
control,0.9,14,control_p0.9_r14,6,27.079448784722224,27.079448784722224,0.0,False
control,0.9,14,control_p0.9_r14,7,27.060177951388887,27.060177951388887,0.0,False
control,0.9,15,control_p0.9_r15,0,27.163541666666664,27.163541666666664,0.0,False
control,0.9,15,control_p0.9_r15,1,27.252061631944443,27.252061631944443,0.0,False
control,0.9,15,control_p0.9_r15,2,27.20418836805556,27.20418836805556,0.0,False
control,0.9,15,control_p0.9_r15,3,27.11358506944445,27.11358506944445,0.0,False
control,0.9,15,control_p0.9_r15,4,27.12719184027777,27.12719184027777,0.0,False
control,0.9,15,control_p0.9_r15,5,27.241254340277777,27.241254340277777,0.0,False
control,0.9,15,control_p0.9_r15,6,27.104253472222226,27.104253472222226,0.0,False
control,0.9,15,control_p0.9_r15,7,27.205295138888893,27.205295138888893,0.0,False
control,0.9,16,control_p0.9_r16,0,27.196506076388896,27.196506076388896,0.0,False
control,0.9,16,control_p0.9_r16,1,27.155078125,27.155078125,0.0,False
control,0.9,16,control_p0.9_r16,2,27.087717013888888,27.087717013888888,0.0,False
control,0.9,16,control_p0.9_r16,3,27.16176215277778,27.16176215277778,0.0,False
control,0.9,16,control_p0.9_r16,4,27.05203993055555,27.05203993055555,0.0,False
control,0.9,16,control_p0.9_r16,5,27.182161458333336,27.182161458333336,0.0,False
control,0.9,16,control_p0.9_r16,6,27.077604166666667,27.077604166666667,0.0,False
control,0.9,16,control_p0.9_r16,7,27.00013020833334,27.00013020833334,0.0,False
control,0.9,17,control_p0.9_r17,0,27.119769965277776,27.119769965277776,0.0,False
control,0.9,17,control_p0.9_r17,1,27.166427951388886,27.166427951388886,0.0,False
control,0.9,17,control_p0.9_r17,2,27.13244357638889,27.13244357638889,0.0,False
control,0.9,17,control_p0.9_r17,3,27.0841796875,27.0841796875,0.0,False
control,0.9,17,control_p0.9_r17,4,27.151909722222214,27.151909722222214,0.0,False
control,0.9,17,control_p0.9_r17,5,27.17730034722222,27.17730034722222,0.0,False
control,0.9,17,control_p0.9_r17,6,27.281770833333333,27.281770833333333,0.0,False
control,0.9,17,control_p0.9_r17,7,27.148741319444444,27.148741319444444,0.0,False
control,0.9,18,control_p0.9_r18,0,27.10169270833333,27.10169270833333,0.0,False
control,0.9,18,control_p0.9_r18,1,27.11306423611111,27.11306423611111,0.0,False
control,0.9,18,control_p0.9_r18,2,27.18524305555556,27.18524305555556,0.0,False
control,0.9,18,control_p0.9_r18,3,27.092513020833334,27.092513020833334,0.0,False
control,0.9,18,control_p0.9_r18,4,27.17701822916667,27.17701822916667,0.0,False
control,0.9,18,control_p0.9_r18,5,27.16043836805555,27.16043836805555,0.0,False
control,0.9,18,control_p0.9_r18,6,27.09134114583334,27.09134114583334,0.0,False
control,0.9,18,control_p0.9_r18,7,27.339040798611112,27.339040798611112,0.0,False
control,0.9,19,control_p0.9_r19,0,27.08489583333333,27.08489583333333,0.0,False
control,0.9,19,control_p0.9_r19,1,27.309613715277777,27.309613715277777,0.0,False
control,0.9,19,control_p0.9_r19,2,27.016276041666664,27.016276041666664,0.0,False
control,0.9,19,control_p0.9_r19,3,27.21434461805556,27.21434461805556,0.0,False
control,0.9,19,control_p0.9_r19,4,27.089431423611117,27.089431423611117,0.0,False
control,0.9,19,control_p0.9_r19,5,27.14633246527778,27.14633246527778,0.0,False
control,0.9,19,control_p0.9_r19,6,27.140104166666667,27.140104166666667,0.0,False
control,0.9,19,control_p0.9_r19,7,27.15807291666667,27.15807291666667,0.0,False
control,1.0,0,control_p1.0_r00,0,27.015190972222225,27.015190972222225,0.0,False
control,1.0,0,control_p1.0_r00,1,27.10171440972222,27.10171440972222,0.0,False
control,1.0,0,control_p1.0_r00,2,27.130295138888886,27.130295138888886,0.0,False
control,1.0,0,control_p1.0_r00,3,27.02191840277777,27.02191840277777,0.0,False
control,1.0,0,control_p1.0_r00,4,27.09743923611111,27.09743923611111,0.0,False
control,1.0,0,control_p1.0_r00,5,27.19505208333333,27.19505208333333,0.0,False
control,1.0,0,control_p1.0_r00,6,27.21731770833333,27.21731770833333,0.0,False
control,1.0,0,control_p1.0_r00,7,27.15141059027778,27.15141059027778,0.0,False
control,1.0,1,control_p1.0_r01,0,27.12319878472222,27.12319878472222,0.0,False
control,1.0,1,control_p1.0_r01,1,27.152408854166666,27.152408854166666,0.0,False
control,1.0,1,control_p1.0_r01,2,27.1322265625,27.1322265625,0.0,False
control,1.0,1,control_p1.0_r01,3,27.19055989583333,27.19055989583333,0.0,False
control,1.0,1,control_p1.0_r01,4,27.09338107638889,27.09338107638889,0.0,False
control,1.0,1,control_p1.0_r01,5,27.210481770833333,27.210481770833333,0.0,False
control,1.0,1,control_p1.0_r01,6,27.101323784722226,27.101323784722226,0.0,False
control,1.0,1,control_p1.0_r01,7,27.09270833333333,27.09270833333333,0.0,False
control,1.0,2,control_p1.0_r02,0,27.08975694444445,27.08975694444445,0.0,False
control,1.0,2,control_p1.0_r02,1,27.16467013888889,27.16467013888889,0.0,False
control,1.0,2,control_p1.0_r02,2,27.111089409722226,27.111089409722226,0.0,False
control,1.0,2,control_p1.0_r02,3,27.13478732638889,27.13478732638889,0.0,False
control,1.0,2,control_p1.0_r02,4,27.01158854166666,27.01158854166666,0.0,False
control,1.0,2,control_p1.0_r02,5,26.99006076388889,26.99006076388889,0.0,False
control,1.0,2,control_p1.0_r02,6,27.13632812500001,27.13632812500001,0.0,False
control,1.0,2,control_p1.0_r02,7,27.08077256944444,27.08077256944444,0.0,False
control,1.0,3,control_p1.0_r03,0,27.04027777777777,27.04027777777777,0.0,False
control,1.0,3,control_p1.0_r03,1,27.17306857638889,27.17306857638889,0.0,False
control,1.0,3,control_p1.0_r03,2,27.046549479166668,27.046549479166668,0.0,False
control,1.0,3,control_p1.0_r03,3,27.15336371527778,27.15336371527778,0.0,False
control,1.0,3,control_p1.0_r03,4,27.185655381944443,27.185655381944443,0.0,False
control,1.0,3,control_p1.0_r03,5,27.235243055555557,27.235243055555557,0.0,False
control,1.0,3,control_p1.0_r03,6,27.183550347222223,27.183550347222223,0.0,False
control,1.0,3,control_p1.0_r03,7,27.111588541666663,27.111588541666663,0.0,False
control,1.0,4,control_p1.0_r04,0,27.1423828125,27.1423828125,0.0,False
control,1.0,4,control_p1.0_r04,1,27.140082465277786,27.140082465277786,0.0,False
control,1.0,4,control_p1.0_r04,2,27.17641059027778,27.17641059027778,0.0,False
control,1.0,4,control_p1.0_r04,3,27.1373046875,27.1373046875,0.0,False
control,1.0,4,control_p1.0_r04,4,27.15423177083333,27.15423177083333,0.0,False
control,1.0,4,control_p1.0_r04,5,27.186306423611107,27.186306423611107,0.0,False
control,1.0,4,control_p1.0_r04,6,27.10672743055555,27.10672743055555,0.0,False
control,1.0,4,control_p1.0_r04,7,27.114995659722226,27.114995659722226,0.0,False
control,1.0,5,control_p1.0_r05,0,27.166384548611116,27.166384548611116,0.0,False
control,1.0,5,control_p1.0_r05,1,26.99592013888889,26.99592013888889,0.0,False
control,1.0,5,control_p1.0_r05,2,27.171397569444444,27.171397569444444,0.0,False
control,1.0,5,control_p1.0_r05,3,27.047265625,27.047265625,0.0,False
control,1.0,5,control_p1.0_r05,4,27.22927517361111,27.22927517361111,0.0,False
control,1.0,5,control_p1.0_r05,5,27.15709635416667,27.15709635416667,0.0,False
control,1.0,5,control_p1.0_r05,6,27.043945312500004,27.043945312500004,0.0,False
control,1.0,5,control_p1.0_r05,7,27.09006076388889,27.09006076388889,0.0,False
control,1.0,6,control_p1.0_r06,0,27.113324652777777,27.113324652777777,0.0,False
control,1.0,6,control_p1.0_r06,1,27.12311197916667,27.12311197916667,0.0,False
control,1.0,6,control_p1.0_r06,2,27.1556640625,27.1556640625,0.0,False
control,1.0,6,control_p1.0_r06,3,27.09552951388889,27.09552951388889,0.0,False
control,1.0,6,control_p1.0_r06,4,27.205598958333336,27.205598958333336,0.0,False
control,1.0,6,control_p1.0_r06,5,27.277148437500003,27.277148437500003,0.0,False
control,1.0,6,control_p1.0_r06,6,27.086675347222226,27.086675347222226,0.0,False
control,1.0,6,control_p1.0_r06,7,27.06380208333333,27.06380208333333,0.0,False
control,1.0,7,control_p1.0_r07,0,27.14249131944444,27.14249131944444,0.0,False
control,1.0,7,control_p1.0_r07,1,27.26684027777777,27.26684027777777,0.0,False
control,1.0,7,control_p1.0_r07,2,27.193706597222228,27.193706597222228,0.0,False
control,1.0,7,control_p1.0_r07,3,27.17671440972222,27.17671440972222,0.0,False
control,1.0,7,control_p1.0_r07,4,27.0982421875,27.0982421875,0.0,False
control,1.0,7,control_p1.0_r07,5,27.26673177083333,27.26673177083333,0.0,False
control,1.0,7,control_p1.0_r07,6,27.165625,27.165625,0.0,False
control,1.0,7,control_p1.0_r07,7,27.097417534722226,27.097417534722226,0.0,False
control,1.0,8,control_p1.0_r08,0,27.194748263888894,27.194748263888894,0.0,False
control,1.0,8,control_p1.0_r08,1,27.20870225694444,27.20870225694444,0.0,False
control,1.0,8,control_p1.0_r08,2,27.118945312500003,27.118945312500003,0.0,False
control,1.0,8,control_p1.0_r08,3,27.208572048611117,27.208572048611117,0.0,False
control,1.0,8,control_p1.0_r08,4,27.083311631944444,27.083311631944444,0.0,False
control,1.0,8,control_p1.0_r08,5,27.17278645833333,27.17278645833333,0.0,False
control,1.0,8,control_p1.0_r08,6,26.96931423611111,26.96931423611111,0.0,False
control,1.0,8,control_p1.0_r08,7,27.137434895833337,27.137434895833337,0.0,False
control,1.0,9,control_p1.0_r09,0,27.174262152777786,27.174262152777786,0.0,False
control,1.0,9,control_p1.0_r09,1,27.155859375,27.155859375,0.0,False
control,1.0,9,control_p1.0_r09,2,27.135177951388883,27.135177951388883,0.0,False
control,1.0,9,control_p1.0_r09,3,27.239778645833336,27.239778645833336,0.0,False
control,1.0,9,control_p1.0_r09,4,27.25047743055556,27.25047743055556,0.0,False
control,1.0,9,control_p1.0_r09,5,27.166514756944444,27.166514756944444,0.0,False
control,1.0,9,control_p1.0_r09,6,27.04680989583333,27.04680989583333,0.0,False
control,1.0,9,control_p1.0_r09,7,27.083528645833336,27.083528645833336,0.0,False
control,1.0,10,control_p1.0_r10,0,27.17810329861111,27.17810329861111,0.0,False
control,1.0,10,control_p1.0_r10,1,27.017686631944446,27.017686631944446,0.0,False
control,1.0,10,control_p1.0_r10,2,27.14140625,27.14140625,0.0,False
control,1.0,10,control_p1.0_r10,3,27.051822916666666,27.051822916666666,0.0,False
control,1.0,10,control_p1.0_r10,4,27.195811631944444,27.195811631944444,0.0,False
control,1.0,10,control_p1.0_r10,5,27.148220486111114,27.148220486111114,0.0,False
control,1.0,10,control_p1.0_r10,6,27.093315972222225,27.093315972222225,0.0,False
control,1.0,10,control_p1.0_r10,7,27.04674479166667,27.04674479166667,0.0,False
control,1.0,11,control_p1.0_r11,0,27.166362847222224,27.166362847222224,0.0,False
control,1.0,11,control_p1.0_r11,1,27.12610677083333,27.12610677083333,0.0,False
control,1.0,11,control_p1.0_r11,2,27.12185329861111,27.12185329861111,0.0,False
control,1.0,11,control_p1.0_r11,3,27.08504774305556,27.08504774305556,0.0,False
control,1.0,11,control_p1.0_r11,4,27.03342013888889,27.03342013888889,0.0,False
control,1.0,11,control_p1.0_r11,5,26.964735243055557,26.964735243055557,0.0,False
control,1.0,11,control_p1.0_r11,6,27.09592013888889,27.09592013888889,0.0,False
control,1.0,11,control_p1.0_r11,7,27.139496527777776,27.139496527777776,0.0,False
control,1.0,12,control_p1.0_r12,0,27.18637152777778,27.18637152777778,0.0,False
control,1.0,12,control_p1.0_r12,1,27.151258680555557,27.151258680555557,0.0,False
control,1.0,12,control_p1.0_r12,2,27.17083333333333,27.17083333333333,0.0,False
control,1.0,12,control_p1.0_r12,3,27.219335937499995,27.219335937499995,0.0,False
control,1.0,12,control_p1.0_r12,4,27.243815104166668,27.243815104166668,0.0,False
control,1.0,12,control_p1.0_r12,5,27.128797743055557,27.128797743055557,0.0,False
control,1.0,12,control_p1.0_r12,6,27.138454861111114,27.138454861111114,0.0,False
control,1.0,12,control_p1.0_r12,7,27.23962673611111,27.23962673611111,0.0,False
control,1.0,13,control_p1.0_r13,0,27.13209635416667,27.13209635416667,0.0,False
control,1.0,13,control_p1.0_r13,1,27.140690104166666,27.140690104166666,0.0,False
control,1.0,13,control_p1.0_r13,2,27.115798611111117,27.115798611111117,0.0,False
control,1.0,13,control_p1.0_r13,3,27.098437500000003,27.098437500000003,0.0,False
control,1.0,13,control_p1.0_r13,4,27.164756944444445,27.164756944444445,0.0,False
control,1.0,13,control_p1.0_r13,5,27.058745659722224,27.058745659722224,0.0,False
control,1.0,13,control_p1.0_r13,6,27.170160590277774,27.170160590277774,0.0,False
control,1.0,13,control_p1.0_r13,7,27.17189670138889,27.17189670138889,0.0,False
control,1.0,14,control_p1.0_r14,0,27.05625,27.05625,0.0,False
control,1.0,14,control_p1.0_r14,1,27.22094184027777,27.22094184027777,0.0,False
control,1.0,14,control_p1.0_r14,2,27.145464409722223,27.145464409722223,0.0,False
control,1.0,14,control_p1.0_r14,3,27.16102430555556,27.16102430555556,0.0,False
control,1.0,14,control_p1.0_r14,4,27.375737847222226,27.375737847222226,0.0,False
control,1.0,14,control_p1.0_r14,5,27.06809895833333,27.06809895833333,0.0,False
control,1.0,14,control_p1.0_r14,6,27.16990017361111,27.16990017361111,0.0,False
control,1.0,14,control_p1.0_r14,7,27.22354600694445,27.22354600694445,0.0,False
control,1.0,15,control_p1.0_r15,0,27.18207465277778,27.18207465277778,0.0,False
control,1.0,15,control_p1.0_r15,1,27.06226128472222,27.06226128472222,0.0,False
control,1.0,15,control_p1.0_r15,2,27.14210069444444,27.14210069444444,0.0,False
control,1.0,15,control_p1.0_r15,3,27.141427951388888,27.141427951388888,0.0,False
control,1.0,15,control_p1.0_r15,4,27.19811197916667,27.19811197916667,0.0,False
control,1.0,15,control_p1.0_r15,5,27.15017361111111,27.15017361111111,0.0,False
control,1.0,15,control_p1.0_r15,6,27.249197048611112,27.249197048611112,0.0,False
control,1.0,15,control_p1.0_r15,7,27.09798177083333,27.09798177083333,0.0,False
control,1.0,16,control_p1.0_r16,0,27.26644965277778,27.26644965277778,0.0,False
control,1.0,16,control_p1.0_r16,1,27.12411024305556,27.12411024305556,0.0,False
control,1.0,16,control_p1.0_r16,2,27.14481336805556,27.14481336805556,0.0,False
control,1.0,16,control_p1.0_r16,3,26.976367187500003,26.976367187500003,0.0,False
control,1.0,16,control_p1.0_r16,4,27.152061631944445,27.152061631944445,0.0,False
control,1.0,16,control_p1.0_r16,5,27.22150607638889,27.22150607638889,0.0,False
control,1.0,16,control_p1.0_r16,6,27.09787326388889,27.09787326388889,0.0,False
control,1.0,16,control_p1.0_r16,7,27.16104600694444,27.16104600694444,0.0,False
control,1.0,17,control_p1.0_r17,0,27.107139756944445,27.107139756944445,0.0,False
control,1.0,17,control_p1.0_r17,1,27.14752604166667,27.14752604166667,0.0,False
control,1.0,17,control_p1.0_r17,2,27.21825086805556,27.21825086805556,0.0,False
control,1.0,17,control_p1.0_r17,3,27.204427083333336,27.204427083333336,0.0,False
control,1.0,17,control_p1.0_r17,4,27.160264756944446,27.160264756944446,0.0,False
control,1.0,17,control_p1.0_r17,5,27.13565538194445,27.13565538194445,0.0,False
control,1.0,17,control_p1.0_r17,6,27.09680989583333,27.09680989583333,0.0,False
control,1.0,17,control_p1.0_r17,7,27.25939670138889,27.25939670138889,0.0,False
control,1.0,18,control_p1.0_r18,0,27.22508680555556,27.22508680555556,0.0,False
control,1.0,18,control_p1.0_r18,1,27.196571180555555,27.196571180555555,0.0,False
control,1.0,18,control_p1.0_r18,2,27.12638888888889,27.12638888888889,0.0,False
control,1.0,18,control_p1.0_r18,3,27.01937934027778,27.01937934027778,0.0,False
control,1.0,18,control_p1.0_r18,4,27.14898003472222,27.14898003472222,0.0,False
control,1.0,18,control_p1.0_r18,5,27.1412109375,27.1412109375,0.0,False
control,1.0,18,control_p1.0_r18,6,27.145768229166663,27.145768229166663,0.0,False
control,1.0,18,control_p1.0_r18,7,27.10095486111111,27.10095486111111,0.0,False
control,1.0,19,control_p1.0_r19,0,27.209396701388886,27.209396701388886,0.0,False
control,1.0,19,control_p1.0_r19,1,27.24294704861111,27.24294704861111,0.0,False
control,1.0,19,control_p1.0_r19,2,27.146245659722226,27.146245659722226,0.0,False
control,1.0,19,control_p1.0_r19,3,27.051085069444447,27.051085069444447,0.0,False
control,1.0,19,control_p1.0_r19,4,27.14296875,27.14296875,0.0,False
control,1.0,19,control_p1.0_r19,5,27.1431640625,27.1431640625,0.0,False
control,1.0,19,control_p1.0_r19,6,27.099717881944443,27.099717881944443,0.0,False
control,1.0,19,control_p1.0_r19,7,27.074631076388886,27.074631076388886,0.0,False
selective,0.1,0,selective_p0.1_r00,0,32.85549045138889,32.79937065972222,0.0561197916666671,False
selective,0.1,0,selective_p0.1_r00,1,32.90579427083333,32.81360677083333,0.0921875000000014,False
selective,0.1,0,selective_p0.1_r00,2,33.012782118055554,32.71302083333333,0.2997612847222228,False
selective,0.1,0,selective_p0.1_r00,3,32.89299045138889,32.857031250000006,0.0359592013888843,False
selective,0.1,0,selective_p0.1_r00,4,32.84563802083332,32.9396484375,-0.094010416666677,False
selective,0.1,0,selective_p0.1_r00,5,33.01410590277779,32.774305555555564,0.2398003472222285,False
selective,0.1,0,selective_p0.1_r00,6,32.89058159722222,32.788845486111114,0.1017361111111085,False
selective,0.1,0,selective_p0.1_r00,7,32.88213975694445,32.82901475694444,0.0531250000000085,False
selective,0.1,1,selective_p0.1_r01,0,32.74828559027778,32.852625868055554,-0.1043402777777728,False
selective,0.1,1,selective_p0.1_r01,1,32.90217013888889,32.92016059027778,-0.0179904513888899,False
selective,0.1,1,selective_p0.1_r01,2,32.864019097222226,32.87497829861112,-0.0109592013888928,False
selective,0.1,1,selective_p0.1_r01,3,32.98532986111111,32.83151041666667,0.1538194444444443,False
selective,0.1,1,selective_p0.1_r01,4,33.024066840277776,32.86161024305555,0.1624565972222242,False
selective,0.1,1,selective_p0.1_r01,5,32.92964409722222,32.87727864583333,0.0523654513888942,False
selective,0.1,1,selective_p0.1_r01,6,32.96306423611112,32.750390624999994,0.2126736111111213,False
selective,0.1,1,selective_p0.1_r01,7,32.8140625,32.79539930555556,0.0186631944444428,False
selective,0.1,2,selective_p0.1_r02,0,32.81668836805556,32.797243923611106,0.0194444444444528,False
selective,0.1,2,selective_p0.1_r02,1,32.96759982638889,32.88070746527777,0.0868923611111185,False
selective,0.1,2,selective_p0.1_r02,2,32.824869791666664,32.90095486111111,-0.0760850694444457,False
selective,0.1,2,selective_p0.1_r02,3,33.013194444444444,32.79064670138889,0.2225477430555571,False
selective,0.1,2,selective_p0.1_r02,4,32.9923828125,32.87178819444444,0.1205946180555557,False
selective,0.1,2,selective_p0.1_r02,5,32.84390190972223,32.72552083333333,0.1183810763888999,False
selective,0.1,2,selective_p0.1_r02,6,32.82762586805555,32.77816840277779,0.0494574652777615,False
selective,0.1,2,selective_p0.1_r02,7,32.879513888888894,32.86566840277778,0.0138454861111156,False
selective,0.1,3,selective_p0.1_r03,0,32.95755208333334,32.75308159722222,0.2044704861111199,False
selective,0.1,3,selective_p0.1_r03,1,32.85047743055556,32.83036024305556,0.0201171874999985,False
selective,0.1,3,selective_p0.1_r03,2,32.894509548611104,32.74969618055556,0.1448133680555443,False
selective,0.1,3,selective_p0.1_r03,3,32.82805989583333,32.669270833333336,0.1587890624999914,False
selective,0.1,3,selective_p0.1_r03,4,32.820247395833334,32.84741753472222,-0.0271701388888843,False
selective,0.1,3,selective_p0.1_r03,5,32.78413628472222,32.768750000000004,0.0153862847222185,False
selective,0.1,3,selective_p0.1_r03,6,32.89494357638889,32.7419921875,0.1529513888888871,False
selective,0.1,3,selective_p0.1_r03,7,32.83973524305556,32.67009548611111,0.1696397569444485,False
selective,0.1,4,selective_p0.1_r04,0,32.95052083333333,32.826953125,0.1235677083333257,False
selective,0.1,4,selective_p0.1_r04,1,32.94051649305556,32.85349392361112,0.0870225694444428,False
selective,0.1,4,selective_p0.1_r04,2,32.885199652777786,32.71284722222222,0.1723524305555628,False
selective,0.1,4,selective_p0.1_r04,3,32.92122395833333,32.78856336805556,0.1326605902777728,False
selective,0.1,4,selective_p0.1_r04,4,32.89090711805555,32.799587673611114,0.0913194444444371,False
selective,0.1,4,selective_p0.1_r04,5,32.895963541666674,32.77302517361111,0.1229383680555642,False
selective,0.1,4,selective_p0.1_r04,6,32.815256076388884,32.73346354166667,0.0817925347222114,False
selective,0.1,4,selective_p0.1_r04,7,32.93003472222222,32.76367187500001,0.16636284722221,False
selective,0.1,5,selective_p0.1_r05,0,32.94398871527778,32.8263671875,0.1176215277777856,False
selective,0.1,5,selective_p0.1_r05,1,32.72068142361111,32.662695312500006,0.0579861111111057,False
selective,0.1,5,selective_p0.1_r05,2,32.81087239583333,32.82432725694444,-0.0134548611111071,False
selective,0.1,5,selective_p0.1_r05,3,32.84639756944444,32.79357638888889,0.0528211805555542,False
selective,0.1,5,selective_p0.1_r05,4,32.967578125,32.82044270833333,0.1471354166666643,False
selective,0.1,5,selective_p0.1_r05,5,32.90277777777778,32.84876302083333,0.0540147569444471,False
selective,0.1,5,selective_p0.1_r05,6,33.01219618055555,32.89893663194445,0.1132595486110972,False
selective,0.1,5,selective_p0.1_r05,7,32.867382812500004,32.71961805555556,0.1477647569444471,False
selective,0.1,6,selective_p0.1_r06,0,32.81749131944446,32.837261284722224,-0.0197699652777672,False
selective,0.1,6,selective_p0.1_r06,1,32.879969618055554,32.82502170138889,0.0549479166666628,False
selective,0.1,6,selective_p0.1_r06,2,32.894574652777784,32.72758246527778,0.1669921875000071,False
selective,0.1,6,selective_p0.1_r06,3,32.95088975694445,32.851757812500004,0.0991319444444442,False
selective,0.1,6,selective_p0.1_r06,4,32.96846788194445,32.87858072916666,0.0898871527777913,False
selective,0.1,6,selective_p0.1_r06,5,32.7361328125,32.66686197916667,0.0692708333333271,False
selective,0.1,6,selective_p0.1_r06,6,32.96232638888889,32.979817708333336,-0.0174913194444457,False
selective,0.1,6,selective_p0.1_r06,7,32.91221788194444,32.84251302083333,0.0697048611111128,False
selective,0.1,7,selective_p0.1_r07,0,32.924262152777786,32.873046875,0.0512152777777856,False
selective,0.1,7,selective_p0.1_r07,1,32.88413628472223,32.74524739583333,0.1388888888888999,False
selective,0.1,7,selective_p0.1_r07,2,32.76953124999999,32.656575520833336,0.1129557291666571,False
selective,0.1,7,selective_p0.1_r07,3,32.88810763888889,32.8741970486111,0.0139105902777885,False
selective,0.1,7,selective_p0.1_r07,4,32.77964409722223,32.73624131944445,0.0434027777777785,False
selective,0.1,7,selective_p0.1_r07,5,33.009114583333336,32.85644531250001,0.1526692708333286,False
selective,0.1,7,selective_p0.1_r07,6,32.897547743055554,32.74270833333334,0.1548394097222143,False
selective,0.1,7,selective_p0.1_r07,7,32.973697916666666,32.81061197916667,0.1630859374999929,False
selective,0.1,8,selective_p0.1_r08,0,32.864648437499994,32.865625,-0.0009765625000071,False
selective,0.1,8,selective_p0.1_r08,1,32.98441840277778,32.76276041666667,0.2216579861111043,False
selective,0.1,8,selective_p0.1_r08,2,32.78930121527778,32.739496527777774,0.0498046875000071,False
selective,0.1,8,selective_p0.1_r08,3,32.908029513888884,32.82172309027778,0.0863064236111057,False
selective,0.1,8,selective_p0.1_r08,4,32.88363715277778,32.80726996527777,0.0763671875000113,False
selective,0.1,8,selective_p0.1_r08,5,32.869487847222224,32.71920572916667,0.1502821180555571,False
selective,0.1,8,selective_p0.1_r08,6,32.842187499999994,32.723958333333336,0.1182291666666586,False
selective,0.1,8,selective_p0.1_r08,7,32.906684027777786,32.78541666666666,0.1212673611111228,False
selective,0.1,9,selective_p0.1_r09,0,32.918619791666664,32.882183159722224,0.03643663194444,False
selective,0.1,9,selective_p0.1_r09,1,32.81156684027777,32.77840711805556,0.0331597222222086,False
selective,0.1,9,selective_p0.1_r09,2,32.923177083333336,32.87341579861111,0.0497612847222228,False
selective,0.1,9,selective_p0.1_r09,3,32.99134114583333,32.85844184027778,0.1328993055555543,False
selective,0.1,9,selective_p0.1_r09,4,33.0206814236111,32.842144097222224,0.1785373263888772,False
selective,0.1,9,selective_p0.1_r09,5,32.83094618055556,32.64602864583334,0.1849175347222171,False
selective,0.1,9,selective_p0.1_r09,6,32.97877604166667,32.878016493055554,0.1007595486111156,False
selective,0.1,9,selective_p0.1_r09,7,32.93350694444444,32.75690104166667,0.1766059027777657,False
selective,0.1,10,selective_p0.1_r10,0,32.9341796875,32.842187499999994,0.0919921875000042,False
selective,0.1,10,selective_p0.1_r10,1,32.93687065972222,32.89375,0.04312065972222,False
selective,0.1,10,selective_p0.1_r10,2,32.893489583333334,32.71043836805556,0.1830512152777714,False
selective,0.1,10,selective_p0.1_r10,3,32.83940972222222,32.649479166666666,0.1899305555555557,False
selective,0.1,10,selective_p0.1_r10,4,32.98825954861112,32.84388020833333,0.1443793402777871,False
selective,0.1,10,selective_p0.1_r10,5,32.95247395833333,32.74366319444444,0.2088107638888914,False
selective,0.1,10,selective_p0.1_r10,6,32.8400390625,32.88270399305555,-0.0426649305555528,False
selective,0.1,10,selective_p0.1_r10,7,32.89325086805556,32.743511284722224,0.1497395833333357,False
selective,0.1,11,selective_p0.1_r11,0,32.92608506944445,32.780186631944446,0.1458984375000014,False
selective,0.1,11,selective_p0.1_r11,1,32.91799045138888,32.81174045138889,0.1062499999999886,False
selective,0.1,11,selective_p0.1_r11,2,32.81351996527778,32.67845052083334,0.13506944444444,False
selective,0.1,11,selective_p0.1_r11,3,32.97337239583333,32.75345052083334,0.21992187499999,False
selective,0.1,11,selective_p0.1_r11,4,32.83196614583333,32.75279947916666,0.0791666666666657,False
selective,0.1,11,selective_p0.1_r11,5,32.98615451388889,32.83051215277778,0.1556423611111128,False
selective,0.1,11,selective_p0.1_r11,6,32.88956163194444,32.732638888888886,0.1569227430555528,False
selective,0.1,11,selective_p0.1_r11,7,32.93042534722222,32.75852864583334,0.1718967013888814,False
selective,0.1,12,selective_p0.1_r12,0,32.89392361111111,32.67020399305555,0.2237196180555614,False
selective,0.1,12,selective_p0.1_r12,1,32.89490017361111,32.74663628472222,0.1482638888888914,False
selective,0.1,12,selective_p0.1_r12,2,32.82714843749999,32.72180989583334,0.1053385416666543,False
selective,0.1,12,selective_p0.1_r12,3,32.82549913194444,32.83693576388889,-0.0114366319444485,False
selective,0.1,12,selective_p0.1_r12,4,32.78509114583333,32.76165364583334,0.0234374999999857,False
selective,0.1,12,selective_p0.1_r12,5,32.91423611111111,32.91707899305556,-0.0028428819444528,False
selective,0.1,12,selective_p0.1_r12,6,32.9627170138889,32.82595486111111,0.1367621527777913,False
selective,0.1,12,selective_p0.1_r12,7,32.910807291666664,32.813671875000004,0.09713541666666,False
selective,0.1,13,selective_p0.1_r13,0,32.87534722222222,32.74889322916667,0.1264539930555486,False
selective,0.1,13,selective_p0.1_r13,1,32.888346354166664,32.73741319444445,0.1509331597222143,False
selective,0.1,13,selective_p0.1_r13,2,32.967165798611106,32.81024305555556,0.1569227430555457,False
selective,0.1,13,selective_p0.1_r13,3,32.908593749999994,32.719140624999994,0.189453125,False
selective,0.1,13,selective_p0.1_r13,4,32.84136284722222,32.806640625,0.0347222222222214,False
selective,0.1,13,selective_p0.1_r13,5,32.83882378472222,32.80750868055556,0.0313151041666657,False
selective,0.1,13,selective_p0.1_r13,6,32.89442274305556,32.7718532986111,0.1225694444444585,False
selective,0.1,13,selective_p0.1_r13,7,32.89557291666668,32.778515625000004,0.1170572916666756,False
selective,0.1,14,selective_p0.1_r14,0,32.91158854166667,32.78901909722222,0.1225694444444442,False
selective,0.1,14,selective_p0.1_r14,1,33.00874565972222,32.83417968749999,0.1745659722222328,False
selective,0.1,14,selective_p0.1_r14,2,32.8419921875,32.78305121527778,0.0589409722222171,False
selective,0.1,14,selective_p0.1_r14,3,32.94809027777777,32.8255642361111,0.1225260416666742,False
selective,0.1,14,selective_p0.1_r14,4,32.86616753472222,32.810742187500004,0.0554253472222185,False
selective,0.1,14,selective_p0.1_r14,5,32.94016927083333,32.75618489583333,0.1839843750000014,False
selective,0.1,14,selective_p0.1_r14,6,32.96976996527778,32.80575086805555,0.1640190972222299,False
selective,0.1,14,selective_p0.1_r14,7,32.85358072916667,32.90466579861111,-0.05108506944444,False
selective,0.1,15,selective_p0.1_r15,0,32.94292534722223,32.89468315972222,0.0482421875000085,False
selective,0.1,15,selective_p0.1_r15,1,32.86315104166667,32.687695312500004,0.1754557291666643,False
selective,0.1,15,selective_p0.1_r15,2,32.926540798611114,32.752343749999994,0.1741970486111199,False
selective,0.1,15,selective_p0.1_r15,3,32.92332899305555,32.842447916666664,0.0808810763888843,False
selective,0.1,15,selective_p0.1_r15,4,32.97337239583333,32.848415798611114,0.1249565972222157,False
selective,0.1,15,selective_p0.1_r15,5,32.88641493055556,32.83285590277777,0.053559027777787,False
selective,0.1,15,selective_p0.1_r15,6,32.91796875000001,32.77176649305555,0.1462022569444556,False
selective,0.1,15,selective_p0.1_r15,7,32.963650173611114,32.89867621527778,0.0649739583333328,False
selective,0.1,16,selective_p0.1_r16,0,32.864149305555564,32.71495225694445,0.1491970486111142,False
selective,0.1,16,selective_p0.1_r16,1,32.712304687499994,32.72779947916667,-0.0154947916666756,False
selective,0.1,16,selective_p0.1_r16,2,33.0066623263889,32.836154513888886,0.1705078125000128,False
selective,0.1,16,selective_p0.1_r16,3,32.885568576388884,32.63068576388889,0.2548828124999929,False
selective,0.1,16,selective_p0.1_r16,4,32.95282118055555,32.84034288194444,0.1124782986111156,False
selective,0.1,16,selective_p0.1_r16,5,32.86825086805555,32.78079427083333,0.0874565972222143,False
selective,0.1,16,selective_p0.1_r16,6,32.925412326388894,32.98467881944445,-0.0592664930555528,False
selective,0.1,16,selective_p0.1_r16,7,32.86937934027778,32.85562065972222,0.0137586805555613,False
selective,0.1,17,selective_p0.1_r17,0,32.875065104166666,32.84533420138888,0.0297309027777856,False
selective,0.1,17,selective_p0.1_r17,1,32.81221788194445,32.82057291666667,-0.0083550347222214,False
selective,0.1,17,selective_p0.1_r17,2,32.92608506944444,32.74913194444445,0.17695312499999,False
selective,0.1,17,selective_p0.1_r17,3,32.88472222222222,32.68554687500001,0.1991753472222157,False
selective,0.1,17,selective_p0.1_r17,4,32.95991753472223,32.76295572916666,0.196961805555567,False
selective,0.1,17,selective_p0.1_r17,5,32.92087673611111,32.7592013888889,0.1616753472222143,False
selective,0.1,17,selective_p0.1_r17,6,32.91306423611111,32.71391059027778,0.1991536458333342,False
selective,0.1,17,selective_p0.1_r17,7,32.93177083333333,32.81234809027777,0.1194227430555585,False
selective,0.1,18,selective_p0.1_r18,0,32.82450086805556,32.79752604166666,0.0269748263889013,False
selective,0.1,18,selective_p0.1_r18,1,32.93782552083333,32.75373263888889,0.1840928819444371,False
selective,0.1,18,selective_p0.1_r18,2,32.87007378472222,32.76788194444444,0.1021918402777828,False
selective,0.1,18,selective_p0.1_r18,3,33.021549479166666,32.78044704861112,0.24110243055555,False
selective,0.1,18,selective_p0.1_r18,4,33.00983072916667,32.78122829861112,0.2286024305555543,False
selective,0.1,18,selective_p0.1_r18,5,32.784006076388884,32.86343315972222,-0.0794270833333357,False
selective,0.1,18,selective_p0.1_r18,6,32.79064670138889,32.84947916666667,-0.0588324652777814,False
selective,0.1,18,selective_p0.1_r18,7,32.93849826388889,32.85425347222222,0.0842447916666699,False
selective,0.1,19,selective_p0.1_r19,0,32.87862413194445,32.83526475694444,0.0433593750000085,False
selective,0.1,19,selective_p0.1_r19,1,32.96994357638889,32.75757378472222,0.2123697916666742,False
selective,0.1,19,selective_p0.1_r19,2,32.91258680555555,32.81148003472222,0.1011067708333257,False
selective,0.1,19,selective_p0.1_r19,3,32.92194010416667,32.81056857638889,0.1113715277777842,False
selective,0.1,19,selective_p0.1_r19,4,32.84418402777777,32.74882812500001,0.0953559027777615,False
selective,0.1,19,selective_p0.1_r19,5,32.890234375,32.74155815972222,0.1486762152777814,False
selective,0.1,19,selective_p0.1_r19,6,32.88250868055556,32.82335069444445,0.05915798611111,False
selective,0.1,19,selective_p0.1_r19,7,32.922504340277776,32.7718967013889,0.1506076388888786,False
selective,0.2,0,selective_p0.2_r00,0,32.90666232638888,32.85924479166667,0.0474175347222143,False
selective,0.2,0,selective_p0.2_r00,1,32.82593315972221,32.85167100694444,-0.0257378472222313,False
selective,0.2,0,selective_p0.2_r00,2,32.94383680555555,32.908789062500006,0.0350477430555429,False
selective,0.2,0,selective_p0.2_r00,3,32.838671875,32.788433159722224,0.0502387152777785,False
selective,0.2,0,selective_p0.2_r00,4,32.93671874999999,32.86555989583333,0.0711588541666614,False
selective,0.2,0,selective_p0.2_r00,5,32.94368489583333,32.86816406250001,0.0755208333333214,False
selective,0.2,0,selective_p0.2_r00,6,32.8869140625,32.64305555555556,0.2438585069444343,False
selective,0.2,0,selective_p0.2_r00,7,32.82026909722222,32.77291666666667,0.0473524305555557,False
selective,0.2,1,selective_p0.2_r01,0,32.80614149305556,32.80026041666666,0.0058810763888956,False
selective,0.2,1,selective_p0.2_r01,1,33.00596788194444,32.770703125,0.2352647569444457,False
selective,0.2,1,selective_p0.2_r01,2,32.763693576388896,32.645703125000004,0.1179904513888914,False
selective,0.2,1,selective_p0.2_r01,3,32.925976562500004,32.8103515625,0.1156250000000014,False
selective,0.2,1,selective_p0.2_r01,4,33.00158420138889,32.78587239583334,0.21571180555555,False
selective,0.2,1,selective_p0.2_r01,5,32.816015625000006,32.77816840277778,0.0378472222222256,False
selective,0.2,1,selective_p0.2_r01,6,32.877148437500004,32.68487413194445,0.1922743055555571,False
selective,0.2,1,selective_p0.2_r01,7,32.88020833333333,32.695399305555554,0.1848090277777743,False
selective,0.2,2,selective_p0.2_r02,0,32.93639322916667,32.82769097222222,0.1087022569444471,False
selective,0.2,2,selective_p0.2_r02,1,32.781184895833334,32.87740885416667,-0.0962239583333328,False
selective,0.2,2,selective_p0.2_r02,2,32.871440972222224,32.73122829861111,0.1402126736111171,False
selective,0.2,2,selective_p0.2_r02,3,32.9925998263889,32.81723090277777,0.1753689236111242,False
selective,0.2,2,selective_p0.2_r02,4,32.90275607638889,32.88559027777777,0.0171657986111171,False
selective,0.2,2,selective_p0.2_r02,5,33.014561631944446,32.87782118055557,0.1367404513888743,False
selective,0.2,2,selective_p0.2_r02,6,32.987738715277786,32.938693576388886,0.0490451388888999,False
selective,0.2,2,selective_p0.2_r02,7,32.948090277777766,32.80245225694444,0.1456380208333243,False
selective,0.2,3,selective_p0.2_r03,0,33.04585503472222,32.83342013888889,0.2124348958333328,False
selective,0.2,3,selective_p0.2_r03,1,32.90564236111111,32.8181640625,0.0874782986111171,False
selective,0.2,3,selective_p0.2_r03,2,32.762478298611114,32.68211805555556,0.0803602430555514,False
selective,0.2,3,selective_p0.2_r03,3,32.93402777777778,32.86692708333333,0.0671006944444485,False
selective,0.2,3,selective_p0.2_r03,4,32.983203125,32.77248263888889,0.2107204861111142,False
selective,0.2,3,selective_p0.2_r03,5,32.91104600694443,32.6453125,0.2657335069444286,False
selective,0.2,3,selective_p0.2_r03,6,32.955664062500006,32.76315104166666,0.1925130208333456,False
selective,0.2,3,selective_p0.2_r03,7,32.942361111111104,32.86221788194444,0.0801432291666657,False
selective,0.2,4,selective_p0.2_r04,0,32.90920138888889,32.84722222222222,0.0619791666666671,False
selective,0.2,4,selective_p0.2_r04,1,32.944531250000004,32.8640625,0.0804687500000014,False
selective,0.2,4,selective_p0.2_r04,2,32.94229600694444,32.82387152777778,0.1184244791666557,False
selective,0.2,4,selective_p0.2_r04,3,32.82042100694445,32.73997395833332,0.080447048611127,False
selective,0.2,4,selective_p0.2_r04,4,32.84663628472222,32.81408420138889,0.0325520833333357,False
selective,0.2,4,selective_p0.2_r04,5,32.95505642361111,32.86901041666667,0.0860460069444428,False
selective,0.2,4,selective_p0.2_r04,6,32.894900173611106,32.75164930555555,0.1432508680555528,False
selective,0.2,4,selective_p0.2_r04,7,32.75197482638888,32.816731770833336,-0.0647569444444542,False
selective,0.2,5,selective_p0.2_r05,0,32.892230902777776,32.83207465277778,0.0601562499999985,False
selective,0.2,5,selective_p0.2_r05,1,32.90733506944444,32.86158854166667,0.0457465277777657,False
selective,0.2,5,selective_p0.2_r05,2,32.95978732638889,32.79717881944445,0.1626085069444443,False
selective,0.2,5,selective_p0.2_r05,3,32.88157552083332,32.7771484375,0.10442708333332,False
selective,0.2,5,selective_p0.2_r05,4,32.8240234375,32.80138888888888,0.0226345486111227,False
selective,0.2,5,selective_p0.2_r05,5,32.839105902777774,32.86992187500001,-0.0308159722222356,False
selective,0.2,5,selective_p0.2_r05,6,32.82766927083333,32.70286458333334,0.1248046874999957,False
selective,0.2,5,selective_p0.2_r05,7,32.920985243055554,32.73020833333333,0.1907769097222242,False
selective,0.2,6,selective_p0.2_r06,0,32.808810763888886,32.797504340277776,0.01130642361111,False
selective,0.2,6,selective_p0.2_r06,1,32.89424913194444,32.761675347222216,0.1325737847222257,False
selective,0.2,6,selective_p0.2_r06,2,32.81733940972222,32.73541666666667,0.08192274305555,False
selective,0.2,6,selective_p0.2_r06,3,32.78511284722222,32.72176649305555,0.0633463541666756,False
selective,0.2,6,selective_p0.2_r06,4,32.93797743055556,32.77489149305556,0.1630859374999929,False
selective,0.2,6,selective_p0.2_r06,5,32.917860243055564,32.92595486111111,-0.0080946180555443,False
selective,0.2,6,selective_p0.2_r06,6,32.785221354166666,32.78279079861111,0.0024305555555557,False
selective,0.2,6,selective_p0.2_r06,7,32.910112847222216,32.81056857638889,0.0995442708333271,False
selective,0.2,7,selective_p0.2_r07,0,32.97137586805556,32.872960069444446,0.0984157986111142,False
selective,0.2,7,selective_p0.2_r07,1,33.00240885416667,32.81150173611111,0.1909071180555557,False
selective,0.2,7,selective_p0.2_r07,2,33.061870659722224,32.85672743055556,0.2051432291666657,False
selective,0.2,7,selective_p0.2_r07,3,32.9279079861111,32.761197916666674,0.1667100694444272,False
selective,0.2,7,selective_p0.2_r07,4,33.03294270833334,32.85625,0.1766927083333342,False
selective,0.2,7,selective_p0.2_r07,5,32.87335069444444,32.68294270833334,0.1904079861110972,False
selective,0.2,7,selective_p0.2_r07,6,32.82037760416667,32.730251736111114,0.0901258680555585,False
selective,0.2,7,selective_p0.2_r07,7,32.90835503472222,32.93233506944444,-0.0239800347222214,False
selective,0.2,8,selective_p0.2_r08,0,32.83806423611111,32.771918402777786,0.0661458333333229,False
selective,0.2,8,selective_p0.2_r08,1,32.82784288194444,32.820507812500004,0.0073350694444371,False
selective,0.2,8,selective_p0.2_r08,2,32.869227430555554,32.67300347222222,0.1962239583333342,False
selective,0.2,8,selective_p0.2_r08,3,32.85909288194444,32.85865885416666,0.0004340277777785,False
selective,0.2,8,selective_p0.2_r08,4,33.019726562500004,32.81540798611112,0.2043185763888857,False
selective,0.2,8,selective_p0.2_r08,5,32.9517361111111,32.67059461805555,0.28114149305555,False
selective,0.2,8,selective_p0.2_r08,6,32.83044704861111,32.679340277777776,0.1511067708333371,False
selective,0.2,8,selective_p0.2_r08,7,32.93001302083333,32.82684461805556,0.1031684027777686,False
selective,0.2,9,selective_p0.2_r09,0,32.967990451388886,32.851085069444444,0.1169053819444414,False
selective,0.2,9,selective_p0.2_r09,1,32.98014322916666,32.75596788194446,0.2241753472222001,False
selective,0.2,9,selective_p0.2_r09,2,32.9015625,32.83023003472223,0.07133246527777,False
selective,0.2,9,selective_p0.2_r09,3,32.89958767361112,32.831640625000006,0.06794704861111,False
selective,0.2,9,selective_p0.2_r09,4,32.929904513888886,32.688411458333334,0.2414930555555514,False
selective,0.2,9,selective_p0.2_r09,5,32.95180121527778,32.84342447916666,0.1083767361111256,False
selective,0.2,9,selective_p0.2_r09,6,32.88589409722222,32.83155381944443,0.0543402777777899,False
selective,0.2,9,selective_p0.2_r09,7,32.915017361111104,32.815212673611114,0.09980468749999,False
selective,0.2,10,selective_p0.2_r10,0,32.872656250000006,32.88153211805556,-0.0088758680555542,False
selective,0.2,10,selective_p0.2_r10,1,32.94077690972223,32.753146701388886,0.1876302083333456,False
selective,0.2,10,selective_p0.2_r10,2,32.79040798611111,32.817925347222214,-0.0275173611111014,False
selective,0.2,10,selective_p0.2_r10,3,33.01371527777778,32.803168402777786,0.2105468749999914,False
selective,0.2,10,selective_p0.2_r10,4,32.939214409722226,32.86920572916667,0.0700086805555528,False
selective,0.2,10,selective_p0.2_r10,5,32.85160590277778,32.87421875000001,-0.0226128472222342,False
selective,0.2,10,selective_p0.2_r10,6,32.93795572916667,32.73956163194444,0.1983940972222271,False
selective,0.2,10,selective_p0.2_r10,7,32.91197916666667,32.85167100694444,0.0603081597222256,False
selective,0.2,11,selective_p0.2_r11,0,32.94850260416667,32.767469618055564,0.1810329861111057,False
selective,0.2,11,selective_p0.2_r11,1,32.90501302083334,32.79518229166667,0.1098307291666671,False
selective,0.2,11,selective_p0.2_r11,2,32.82124565972222,32.74103732638889,0.0802083333333314,False
selective,0.2,11,selective_p0.2_r11,3,32.83797743055556,32.77799479166666,0.0599826388889042,False
selective,0.2,11,selective_p0.2_r11,4,32.88155381944444,32.76030815972221,0.1212456597222342,False
selective,0.2,11,selective_p0.2_r11,5,32.91391059027778,32.80870225694444,0.1052083333333371,False
selective,0.2,11,selective_p0.2_r11,6,32.98693576388889,32.82115885416666,0.1657769097222257,False
selective,0.2,11,selective_p0.2_r11,7,33.03068576388889,32.85696614583333,0.1737196180555571,False
selective,0.2,12,selective_p0.2_r12,0,32.89498697916666,32.757595486111114,0.1373914930555457,False
selective,0.2,12,selective_p0.2_r12,1,32.88830295138889,32.74539930555555,0.1429036458333357,False
selective,0.2,12,selective_p0.2_r12,2,32.85206163194445,32.90481770833334,-0.0527560763888885,False
selective,0.2,12,selective_p0.2_r12,3,32.938845486111106,32.86401909722222,0.0748263888888871,False
selective,0.2,12,selective_p0.2_r12,4,32.9005859375,32.89229600694445,0.0082899305555486,False
selective,0.2,12,selective_p0.2_r12,5,32.7740017361111,32.75852864583334,0.0154730902777657,False
selective,0.2,12,selective_p0.2_r12,6,32.78513454861111,32.735134548611114,0.0499999999999971,False
selective,0.2,12,selective_p0.2_r12,7,32.878537326388894,32.86809895833333,0.010438368055567,False
selective,0.2,13,selective_p0.2_r13,0,32.98125,32.81234809027778,0.1689019097222157,False
selective,0.2,13,selective_p0.2_r13,1,32.94040798611111,32.77790798611111,0.1625000000000014,False
selective,0.2,13,selective_p0.2_r13,2,32.90017361111111,32.71877170138888,0.1814019097222257,False
selective,0.2,13,selective_p0.2_r13,3,32.97098524305556,32.916623263888894,0.0543619791666643,False
selective,0.2,13,selective_p0.2_r13,4,32.88125,32.82630208333333,0.0549479166666699,False
selective,0.2,13,selective_p0.2_r13,5,32.901996527777776,32.90965711805556,-0.0076605902777799,False
selective,0.2,13,selective_p0.2_r13,6,32.82877604166666,32.85006510416666,-0.0212890625000028,False
selective,0.2,13,selective_p0.2_r13,7,32.88194444444444,32.78072916666667,0.1012152777777757,False
selective,0.2,14,selective_p0.2_r14,0,32.88018663194445,32.913693576388894,-0.0335069444444471,False
selective,0.2,14,selective_p0.2_r14,1,32.75833333333333,32.73923611111112,0.0190972222222143,False
selective,0.2,14,selective_p0.2_r14,2,32.89568142361112,32.87126736111111,0.0244140625000071,False
selective,0.2,14,selective_p0.2_r14,3,32.86603732638889,32.76536458333334,0.1006727430555542,False
selective,0.2,14,selective_p0.2_r14,4,32.74032118055555,32.7751953125,-0.0348741319444485,False
selective,0.2,14,selective_p0.2_r14,5,32.89453125,32.830598958333326,0.0639322916666742,False
selective,0.2,14,selective_p0.2_r14,6,32.88018663194444,32.67382812499999,0.2063585069444471,False
selective,0.2,14,selective_p0.2_r14,7,32.958398437499994,32.8005859375,0.1578124999999914,False
selective,0.2,15,selective_p0.2_r15,0,32.88283420138888,32.755512152777776,0.1273220486111057,False
selective,0.2,15,selective_p0.2_r15,1,33.01102430555556,32.795963541666666,0.2150607638888928,False
selective,0.2,15,selective_p0.2_r15,2,32.8662109375,32.770290798611114,0.0959201388888857,False
selective,0.2,15,selective_p0.2_r15,3,32.90462239583333,32.843771701388896,0.0608506944444329,False
selective,0.2,15,selective_p0.2_r15,4,32.98637152777778,32.904231770833334,0.0821397569444428,False
selective,0.2,15,selective_p0.2_r15,5,32.903667534722224,32.892296006944456,0.0113715277777686,False
selective,0.2,15,selective_p0.2_r15,6,32.95651041666666,32.90201822916667,0.0544921874999886,False
selective,0.2,15,selective_p0.2_r15,7,32.77823350694445,32.823784722222214,-0.0455512152777615,False
selective,0.2,16,selective_p0.2_r16,0,32.898676215277774,32.773502604166666,0.1251736111111085,False
selective,0.2,16,selective_p0.2_r16,1,32.70967881944445,32.77526041666667,-0.06558159722222,False
selective,0.2,16,selective_p0.2_r16,2,32.85006510416667,32.80514322916667,0.044921875,False
selective,0.2,16,selective_p0.2_r16,3,32.77478298611111,32.70885416666667,0.0659288194444442,False
selective,0.2,16,selective_p0.2_r16,4,32.96740451388888,32.84138454861112,0.1260199652777629,False
selective,0.2,16,selective_p0.2_r16,5,32.91469184027778,32.74077690972223,0.1739149305555543,False
selective,0.2,16,selective_p0.2_r16,6,32.85807291666667,32.74672309027777,0.1113498263889027,False
selective,0.2,16,selective_p0.2_r16,7,32.93734809027778,32.799218749999994,0.1381293402777856,False
selective,0.2,17,selective_p0.2_r17,0,32.98478732638889,32.73413628472222,0.2506510416666714,False
selective,0.2,17,selective_p0.2_r17,1,32.96753472222222,32.961328124999994,0.0062065972222242,False
selective,0.2,17,selective_p0.2_r17,2,32.87172309027777,32.76091579861112,0.1108072916666529,False
selective,0.2,17,selective_p0.2_r17,3,32.92144097222222,32.93513454861112,-0.0136935763888956,False
selective,0.2,17,selective_p0.2_r17,4,32.88270399305555,32.79635416666667,0.0863498263888828,False
selective,0.2,17,selective_p0.2_r17,5,32.78895399305556,32.66382378472221,0.1251302083333456,False
selective,0.2,17,selective_p0.2_r17,6,32.972200520833326,32.76317274305556,0.20902777777777,False
selective,0.2,17,selective_p0.2_r17,7,32.95900607638889,32.8267361111111,0.1322699652777856,False
selective,0.2,18,selective_p0.2_r18,0,32.90629340277778,32.800672743055564,0.1056206597222129,False
selective,0.2,18,selective_p0.2_r18,1,32.97122395833334,32.814670138888886,0.1565538194444542,False
selective,0.2,18,selective_p0.2_r18,2,32.98491753472223,32.75262586805555,0.2322916666666756,False
selective,0.2,18,selective_p0.2_r18,3,32.930620659722216,32.87836371527777,0.0522569444444442,False
selective,0.2,18,selective_p0.2_r18,4,33.01371527777778,32.84149305555555,0.1722222222222242,False
selective,0.2,18,selective_p0.2_r18,5,32.88904079861111,32.85501302083333,0.0340277777777799,False
selective,0.2,18,selective_p0.2_r18,6,32.958550347222214,32.872656250000006,0.0858940972222086,False
selective,0.2,18,selective_p0.2_r18,7,32.92688802083333,32.850390625,0.0764973958333357,False
selective,0.2,19,selective_p0.2_r19,0,32.91918402777779,32.775065104166664,0.1441189236111242,False
selective,0.2,19,selective_p0.2_r19,1,32.973155381944444,32.805338541666664,0.16781684027778,False
selective,0.2,19,selective_p0.2_r19,2,32.87124565972223,32.754644097222226,0.1166015625000014,False
selective,0.2,19,selective_p0.2_r19,3,32.91197916666667,32.85985243055556,0.0521267361111128,False
selective,0.2,19,selective_p0.2_r19,4,32.90483940972222,32.766254340277776,0.1385850694444457,False
selective,0.2,19,selective_p0.2_r19,5,32.95258246527778,32.78072916666667,0.1718532986111114,False
selective,0.2,19,selective_p0.2_r19,6,32.87302517361111,32.84194878472222,0.0310763888888914,False
selective,0.2,19,selective_p0.2_r19,7,32.946484375,32.811306423611114,0.1351779513888829,False
selective,0.3,0,selective_p0.3_r00,0,32.85368923611112,32.770768229166656,0.0829210069444599,False
selective,0.3,0,selective_p0.3_r00,1,32.79620225694444,32.66223958333333,0.1339626736111085,False
selective,0.3,0,selective_p0.3_r00,2,32.85490451388888,32.83791232638888,0.0169921875000014,False
selective,0.3,0,selective_p0.3_r00,3,32.819704861111106,32.9359592013889,-0.1162543402777913,False
selective,0.3,0,selective_p0.3_r00,4,32.83611111111111,32.74722222222223,0.0888888888888814,False
selective,0.3,0,selective_p0.3_r00,5,32.82328559027778,32.8052517361111,0.0180338541666742,False
selective,0.3,0,selective_p0.3_r00,6,32.8791015625,32.72907986111112,0.15002170138888,False
selective,0.3,0,selective_p0.3_r00,7,32.80188802083333,32.76820746527777,0.0336805555555628,False
selective,0.3,1,selective_p0.3_r01,0,32.88396267361112,32.88452690972222,-0.0005642361111029,False
selective,0.3,1,selective_p0.3_r01,1,32.92573784722222,32.860720486111106,0.0650173611111171,False
selective,0.3,1,selective_p0.3_r01,2,32.85874565972221,32.72096354166666,0.1377821180555472,False
selective,0.3,1,selective_p0.3_r01,3,32.845486111111114,32.76323784722223,0.0822482638888857,False
selective,0.3,1,selective_p0.3_r01,4,32.87999131944444,32.79576822916667,0.0842230902777743,False
selective,0.3,1,selective_p0.3_r01,5,32.93153211805556,32.714778645833334,0.2167534722222228,False
selective,0.3,1,selective_p0.3_r01,6,32.832899305555564,32.74618055555556,0.0867187500000028,False
selective,0.3,1,selective_p0.3_r01,7,32.82977430555555,32.83346354166667,-0.0036892361111142,False
selective,0.3,2,selective_p0.3_r02,0,32.93665364583334,32.77502170138889,0.1616319444444514,False
selective,0.3,2,selective_p0.3_r02,1,32.97428385416667,32.85755208333334,0.1167317708333328,False
selective,0.3,2,selective_p0.3_r02,2,32.96078559027777,32.724609375,0.2361762152777728,False
selective,0.3,2,selective_p0.3_r02,3,33.003580729166664,32.834071180555554,0.16950954861111,False
selective,0.3,2,selective_p0.3_r02,4,32.904058159722226,32.65870225694445,0.2453559027777743,False
selective,0.3,2,selective_p0.3_r02,5,32.91052517361111,32.7952907986111,0.1152343750000142,False
selective,0.3,2,selective_p0.3_r02,6,32.82393663194445,32.73240017361111,0.0915364583333371,False
selective,0.3,2,selective_p0.3_r02,7,32.95991753472222,32.88736979166666,0.0725477430555656,False
selective,0.3,3,selective_p0.3_r03,0,32.898220486111114,32.794900173611104,0.1033203125000099,False
selective,0.3,3,selective_p0.3_r03,1,32.95855034722222,32.81041666666667,0.1481336805555528,False
selective,0.3,3,selective_p0.3_r03,2,33.001323784722224,32.87877604166667,0.1225477430555557,False
selective,0.3,3,selective_p0.3_r03,3,32.87827690972222,32.87096354166667,0.0073133680555486,False
selective,0.3,3,selective_p0.3_r03,4,32.90075954861112,32.85653211805555,0.0442274305555727,False
selective,0.3,3,selective_p0.3_r03,5,32.909830729166664,32.812521701388874,0.0973090277777899,False
selective,0.3,3,selective_p0.3_r03,6,32.97758246527778,32.80499131944444,0.1725911458333371,False
selective,0.3,3,selective_p0.3_r03,7,32.98674045138889,32.9058810763889,0.0808593749999886,False
selective,0.3,4,selective_p0.3_r04,0,33.00006510416667,32.9158203125,0.0842447916666699,False
selective,0.3,4,selective_p0.3_r04,1,32.90776909722222,32.686501736111104,0.2212673611111171,False
selective,0.3,4,selective_p0.3_r04,2,32.896679687500004,32.82797309027778,0.0687065972222242,False
selective,0.3,4,selective_p0.3_r04,3,32.926692708333334,32.89583333333333,0.0308593750000056,False
selective,0.3,4,selective_p0.3_r04,4,33.09342447916667,32.73580729166667,0.3576171875000042,False
selective,0.3,4,selective_p0.3_r04,5,33.120355902777774,32.9083767361111,0.2119791666666728,False
selective,0.3,4,selective_p0.3_r04,6,32.96555989583333,32.77274305555556,0.1928168402777714,False
selective,0.3,4,selective_p0.3_r04,7,32.98643663194444,32.865559895833336,0.1208767361111,False
selective,0.3,5,selective_p0.3_r05,0,32.937282986111114,32.711306423611106,0.2259765625000085,False
selective,0.3,5,selective_p0.3_r05,1,32.867838541666664,32.90325520833333,-0.0354166666666628,False
selective,0.3,5,selective_p0.3_r05,2,32.90286458333333,32.8685546875,0.0343098958333314,False
selective,0.3,5,selective_p0.3_r05,3,32.98480902777778,32.85913628472222,0.1256727430555599,False
selective,0.3,5,selective_p0.3_r05,4,32.91911892361112,32.84422743055555,0.074891493055567,False
selective,0.3,5,selective_p0.3_r05,5,32.80907118055556,32.66304253472222,0.1460286458333328,False
selective,0.3,5,selective_p0.3_r05,6,32.81514756944444,32.771809895833336,0.0433376736111057,False
selective,0.3,5,selective_p0.3_r05,7,32.79329427083334,32.78415798611112,0.0091362847222242,False
selective,0.3,6,selective_p0.3_r06,0,32.91167534722223,32.79548611111111,0.1161892361111185,False
selective,0.3,6,selective_p0.3_r06,1,32.90954861111111,32.564822048611106,0.3447265625000071,False
selective,0.3,6,selective_p0.3_r06,2,32.897113715277776,32.74759114583333,0.1495225694444428,False
selective,0.3,6,selective_p0.3_r06,3,32.920985243055554,32.799761284722216,0.1212239583333385,False
selective,0.3,6,selective_p0.3_r06,4,32.92118055555556,32.84743923611112,0.0737413194444371,False
selective,0.3,6,selective_p0.3_r06,5,32.95887586805556,32.79587673611111,0.1629991319444457,False
selective,0.3,6,selective_p0.3_r06,6,32.84431423611112,32.86035156249999,-0.0160373263888757,False
selective,0.3,6,selective_p0.3_r06,7,32.92141927083333,32.86022135416667,0.0611979166666643,False
selective,0.3,7,selective_p0.3_r07,0,32.97345920138889,32.83116319444444,0.1422960069444556,False
selective,0.3,7,selective_p0.3_r07,1,32.90269097222223,32.634548611111114,0.2681423611111171,False
selective,0.3,7,selective_p0.3_r07,2,32.88695746527779,32.7873046875,0.0996527777777913,False
selective,0.3,7,selective_p0.3_r07,3,32.968967013888886,32.73233506944444,0.2366319444444471,False
selective,0.3,7,selective_p0.3_r07,4,32.97743055555556,32.81644965277778,0.16098090277778,False
selective,0.3,7,selective_p0.3_r07,5,32.84971788194444,32.73059895833333,0.1191189236111114,False
selective,0.3,7,selective_p0.3_r07,6,32.879709201388884,32.92860243055556,-0.0488932291666728,False
selective,0.3,7,selective_p0.3_r07,7,32.890863715277774,32.75815972222221,0.1327039930555642,False
selective,0.3,8,selective_p0.3_r08,0,32.84244791666667,32.80171440972222,0.0407335069444485,False
selective,0.3,8,selective_p0.3_r08,1,32.93161892361111,32.69550781250001,0.2361111111111,False
selective,0.3,8,selective_p0.3_r08,2,32.87322048611111,32.780490451388886,0.0927300347222228,False
selective,0.3,8,selective_p0.3_r08,3,32.843402777777776,32.68248697916667,0.1609157986111071,False
selective,0.3,8,selective_p0.3_r08,4,32.94190538194445,32.87013888888889,0.0717664930555628,False
selective,0.3,8,selective_p0.3_r08,5,32.76851128472222,32.712109375,0.0564019097222256,False
selective,0.3,8,selective_p0.3_r08,6,32.97450086805556,32.73179253472223,0.2427083333333257,False
selective,0.3,8,selective_p0.3_r08,7,32.873111979166666,32.84850260416666,0.0246093750000042,False
selective,0.3,9,selective_p0.3_r09,0,32.91037326388889,32.94142795138889,-0.0310546874999957,False
selective,0.3,9,selective_p0.3_r09,1,32.87048611111111,32.83897569444445,0.0315104166666628,False
selective,0.3,9,selective_p0.3_r09,2,32.92102864583333,32.83862847222223,0.0824001736110986,False
selective,0.3,9,selective_p0.3_r09,3,32.94943576388889,32.864344618055554,0.0850911458333385,False
selective,0.3,9,selective_p0.3_r09,4,32.960546875000006,32.78661024305556,0.1739366319444499,False
selective,0.3,9,selective_p0.3_r09,5,32.960698784722226,32.80828993055555,0.1524088541666728,False
selective,0.3,9,selective_p0.3_r09,6,32.88424479166667,32.81395399305556,0.0702907986111114,False
selective,0.3,9,selective_p0.3_r09,7,32.75056423611112,32.75774739583333,-0.00718315972221,False
selective,0.3,10,selective_p0.3_r10,0,32.967187499999994,32.730403645833334,0.23678385416666,False
selective,0.3,10,selective_p0.3_r10,1,32.86475694444445,32.68645833333334,0.17829861111111,False
selective,0.3,10,selective_p0.3_r10,2,32.89123263888889,32.732638888888886,0.1585937500000014,False
selective,0.3,10,selective_p0.3_r10,3,33.00553385416666,32.83465711805556,0.1708767361110972,False
selective,0.3,10,selective_p0.3_r10,4,32.906032986111114,32.83654513888889,0.0694878472222271,False
selective,0.3,10,selective_p0.3_r10,5,32.976215277777776,32.902560763888886,0.07365451388889,False
selective,0.3,10,selective_p0.3_r10,6,32.86050347222221,32.765711805555554,0.0947916666666586,False
selective,0.3,10,selective_p0.3_r10,7,32.89581163194445,32.71792534722222,0.1778862847222271,False
selective,0.3,11,selective_p0.3_r11,0,32.816080729166664,32.704318576388886,0.1117621527777785,False
selective,0.3,11,selective_p0.3_r11,1,32.80859375,32.78222656250001,0.0263671874999928,False
selective,0.3,11,selective_p0.3_r11,2,32.895724826388886,32.81332465277778,0.0824001736111057,False
selective,0.3,11,selective_p0.3_r11,3,32.94796006944444,32.84327256944444,0.1046875000000042,False
selective,0.3,11,selective_p0.3_r11,4,32.95130208333333,32.74947916666667,0.2018229166666643,False
selective,0.3,11,selective_p0.3_r11,5,32.88248697916667,32.81332465277777,0.0691623263888985,False
selective,0.3,11,selective_p0.3_r11,6,32.901453993055554,32.75477430555556,0.1466796874999971,False
selective,0.3,11,selective_p0.3_r11,7,32.90347222222223,32.76911892361112,0.13435329861111,False
selective,0.3,12,selective_p0.3_r12,0,32.96957465277777,32.74105902777778,0.2285156249999929,False
selective,0.3,12,selective_p0.3_r12,1,32.94587673611111,32.80967881944444,0.1361979166666671,False
selective,0.3,12,selective_p0.3_r12,2,33.01059027777777,32.80581597222223,0.2047743055555457,False
selective,0.3,12,selective_p0.3_r12,3,32.95557725694445,32.84275173611111,0.1128255208333399,False
selective,0.3,12,selective_p0.3_r12,4,32.99034288194444,32.71716579861111,0.27317708333333,False
selective,0.3,12,selective_p0.3_r12,5,32.900217013888884,32.90219184027778,-0.0019748263888956,False
selective,0.3,12,selective_p0.3_r12,6,33.01354166666667,32.775,0.2385416666666699,False
selective,0.3,12,selective_p0.3_r12,7,32.85329861111111,32.78196614583334,0.07133246527777,False
selective,0.3,13,selective_p0.3_r13,0,32.85073784722223,32.671289062499994,0.1794487847222328,False
selective,0.3,13,selective_p0.3_r13,1,32.81475694444444,32.699045138888884,0.1157118055555557,False
selective,0.3,13,selective_p0.3_r13,2,33.03754340277778,32.868077256944446,0.1694661458333328,False
selective,0.3,13,selective_p0.3_r13,3,33.014843750000004,32.80889756944444,0.2059461805555642,False
selective,0.3,13,selective_p0.3_r13,4,32.862673611111106,32.79563802083332,0.0670355902777828,False
selective,0.3,13,selective_p0.3_r13,5,32.87834201388888,32.817708333333336,0.0606336805555471,False
selective,0.3,13,selective_p0.3_r13,6,32.89233940972222,32.61510416666667,0.27723524305555,False
selective,0.3,13,selective_p0.3_r13,7,32.88483072916667,32.830143229166666,0.0546875000000071,False
selective,0.3,14,selective_p0.3_r14,0,32.87476128472222,32.90384114583333,-0.0290798611111142,False
selective,0.3,14,selective_p0.3_r14,1,32.87673611111111,32.76592881944445,0.11080729166666,False
selective,0.3,14,selective_p0.3_r14,2,32.89639756944444,32.800694444444446,0.0957031249999929,False
selective,0.3,14,selective_p0.3_r14,3,32.98598090277778,32.712131076388886,0.2738498263888971,False
selective,0.3,14,selective_p0.3_r14,4,32.835720486111114,32.701388888888886,0.1343315972222285,False
selective,0.3,14,selective_p0.3_r14,5,32.8422092013889,32.774066840277776,0.0681423611111213,False
selective,0.3,14,selective_p0.3_r14,6,32.94659288194444,32.83530815972223,0.1112847222222086,False
selective,0.3,14,selective_p0.3_r14,7,32.780881076388894,32.73862847222221,0.0422526041666841,False
selective,0.3,15,selective_p0.3_r15,0,32.9525390625,32.63506944444444,0.3174696180555614,False
selective,0.3,15,selective_p0.3_r15,1,32.90349392361112,32.91848958333335,-0.0149956597222313,False
selective,0.3,15,selective_p0.3_r15,2,32.854014756944444,32.831705729166664,0.0223090277777799,False
selective,0.3,15,selective_p0.3_r15,3,32.897829861111106,32.913476562499994,-0.0156467013888885,False
selective,0.3,15,selective_p0.3_r15,4,32.87643229166666,32.81356336805555,0.0628689236111128,False
selective,0.3,15,selective_p0.3_r15,5,32.92337239583333,32.84008246527778,0.0832899305555514,False
selective,0.3,15,selective_p0.3_r15,6,32.99581163194444,32.71547309027778,0.2803385416666586,False
selective,0.3,15,selective_p0.3_r15,7,32.932552083333334,32.84118923611111,0.0913628472222214,False
selective,0.3,16,selective_p0.3_r16,0,32.86716579861112,32.72476128472222,0.1424045138888985,False
selective,0.3,16,selective_p0.3_r16,1,32.865581597222224,32.735742187499994,0.1298394097222299,False
selective,0.3,16,selective_p0.3_r16,2,32.95184461805556,32.90629340277778,0.0455512152777828,False
selective,0.3,16,selective_p0.3_r16,3,32.86805555555556,32.74921875,0.1188368055555599,False
selective,0.3,16,selective_p0.3_r16,4,32.94312065972222,32.87966579861111,0.0634548611111114,False
selective,0.3,16,selective_p0.3_r16,5,32.8773654513889,32.82450086805556,0.0528645833333385,False
selective,0.3,16,selective_p0.3_r16,6,32.8828125,32.80857204861111,0.0742404513888885,False
selective,0.3,16,selective_p0.3_r16,7,32.96076388888889,32.79066840277777,0.1700954861111228,False
selective,0.3,17,selective_p0.3_r17,0,32.88884548611111,32.801974826388886,0.0868706597222228,False
selective,0.3,17,selective_p0.3_r17,1,32.87473958333333,32.72862413194444,0.1461154513888871,False
selective,0.3,17,selective_p0.3_r17,2,33.05026041666667,32.80101996527778,0.2492404513888857,False
selective,0.3,17,selective_p0.3_r17,3,33.02921006944443,32.71825086805556,0.3109592013888758,False
selective,0.3,17,selective_p0.3_r17,4,33.01072048611112,32.894184027777776,0.1165364583333428,False
selective,0.3,17,selective_p0.3_r17,5,32.95227864583333,32.84307725694444,0.1092013888888914,False
selective,0.3,17,selective_p0.3_r17,6,32.9191189236111,32.78248697916668,0.1366319444444244,False
selective,0.3,17,selective_p0.3_r17,7,32.93467881944444,32.895594618055554,0.0390842013888814,False
selective,0.3,18,selective_p0.3_r18,0,32.840082465277774,32.749110243055554,0.09097222222222,False
selective,0.3,18,selective_p0.3_r18,1,32.93452690972222,32.810915798611106,0.1236111111111171,False
selective,0.3,18,selective_p0.3_r18,2,32.77515190972222,32.82178819444445,-0.0466362847222328,False
selective,0.3,18,selective_p0.3_r18,3,32.900130208333344,32.71338975694445,0.1867404513888928,False
selective,0.3,18,selective_p0.3_r18,4,32.94531249999999,32.84351128472222,0.1018012152777743,False
selective,0.3,18,selective_p0.3_r18,5,32.87638888888889,32.72771267361111,0.1486762152777814,False
selective,0.3,18,selective_p0.3_r18,6,32.97473958333333,32.7244140625,0.2503255208333286,False
selective,0.3,18,selective_p0.3_r18,7,33.00212673611112,32.91927083333333,0.0828559027777942,False
selective,0.3,19,selective_p0.3_r19,0,32.963671875,32.79147135416667,0.1722005208333286,False
selective,0.3,19,selective_p0.3_r19,1,32.9017578125,32.85477430555555,0.0469835069444499,False
selective,0.3,19,selective_p0.3_r19,2,32.80811631944445,32.69620225694445,0.1119140624999985,False
selective,0.3,19,selective_p0.3_r19,3,32.83854166666667,32.86996527777777,-0.0314236111111014,False
selective,0.3,19,selective_p0.3_r19,4,32.95010850694445,32.895594618055554,0.0545138888888985,False
selective,0.3,19,selective_p0.3_r19,5,32.833593750000006,32.72604166666667,0.1075520833333385,False
selective,0.3,19,selective_p0.3_r19,6,33.00045572916666,32.8064453125,0.1940104166666572,False
selective,0.3,19,selective_p0.3_r19,7,32.831271701388886,32.69659288194444,0.1346788194444457,False
selective,0.4,0,selective_p0.4_r00,0,33.03912760416667,32.85839843749999,0.1807291666666799,False
selective,0.4,0,selective_p0.4_r00,1,32.86616753472222,32.842686631944446,0.0234809027777771,False
selective,0.4,0,selective_p0.4_r00,2,32.81351996527778,32.845269097222214,-0.0317491319444371,False
selective,0.4,0,selective_p0.4_r00,3,32.9685546875,32.86883680555555,0.0997178819444499,False
selective,0.4,0,selective_p0.4_r00,4,32.89507378472222,32.71011284722223,0.1849609374999943,False
selective,0.4,0,selective_p0.4_r00,5,32.872721354166664,32.77328559027777,0.0994357638888914,False
selective,0.4,0,selective_p0.4_r00,6,32.935742187500004,32.884548611111114,0.0511935763888899,False
selective,0.4,0,selective_p0.4_r00,7,33.00086805555556,32.761089409722224,0.2397786458333328,False
selective,0.4,1,selective_p0.4_r01,0,32.96608072916666,32.761501736111114,0.2045789930555486,False
selective,0.4,1,selective_p0.4_r01,1,33.07918836805556,32.79813368055556,0.2810546875000028,False
selective,0.4,1,selective_p0.4_r01,2,32.9662326388889,32.838476562500006,0.1277560763888914,False
selective,0.4,1,selective_p0.4_r01,3,32.91080729166666,32.79976128472222,0.1110460069444343,False
selective,0.4,1,selective_p0.4_r01,4,32.90698784722221,32.76449652777777,0.1424913194444386,False
selective,0.4,1,selective_p0.4_r01,5,32.9818576388889,32.78878038194445,0.1930772569444485,False
selective,0.4,1,selective_p0.4_r01,6,33.07274305555556,32.68140190972222,0.3913411458333371,False
selective,0.4,1,selective_p0.4_r01,7,33.049023437500004,32.83608940972223,0.2129340277777771,False
selective,0.4,2,selective_p0.4_r02,0,32.97686631944444,32.87413194444444,0.1027343749999971,False
selective,0.4,2,selective_p0.4_r02,1,32.82243923611111,32.697851562500006,0.1245876736111029,False
selective,0.4,2,selective_p0.4_r02,2,32.89618055555556,32.80151909722223,0.0946614583333271,False
selective,0.4,2,selective_p0.4_r02,3,32.95562065972222,32.855859374999994,0.0997612847222271,False
selective,0.4,2,selective_p0.4_r02,4,33.04589843750001,32.80258246527778,0.2433159722222271,False
selective,0.4,2,selective_p0.4_r02,5,32.81430121527777,32.696484375000004,0.1178168402777686,False
selective,0.4,2,selective_p0.4_r02,6,33.03893229166666,32.81853298611111,0.2203993055555528,False
selective,0.4,2,selective_p0.4_r02,7,32.93470052083333,32.913975694444446,0.0207248263888857,False
selective,0.4,3,selective_p0.4_r03,0,32.90277777777778,32.791710069444434,0.1110677083333442,False
selective,0.4,3,selective_p0.4_r03,1,32.998849826388884,32.803624131944446,0.1952256944444386,False
selective,0.4,3,selective_p0.4_r03,2,33.03153211805555,32.81946614583333,0.21206597222222,False
selective,0.4,3,selective_p0.4_r03,3,32.85833333333332,32.87634548611111,-0.0180121527777927,False
selective,0.4,3,selective_p0.4_r03,4,32.875629340277776,32.65234374999999,0.2232855902777828,False
selective,0.4,3,selective_p0.4_r03,5,32.89780815972222,32.90598958333333,-0.0081814236111128,False
selective,0.4,3,selective_p0.4_r03,6,32.848003472222224,32.74149305555556,0.1065104166666657,False
selective,0.4,3,selective_p0.4_r03,7,32.981054687500006,32.733789062499994,0.2472656250000113,False
selective,0.4,4,selective_p0.4_r04,0,32.97087673611111,32.87803819444444,0.0928385416666657,False
selective,0.4,4,selective_p0.4_r04,1,32.823025173611114,32.75483940972222,0.0681857638888914,False
selective,0.4,4,selective_p0.4_r04,2,32.88700086805556,32.68997395833333,0.1970269097222257,False
selective,0.4,4,selective_p0.4_r04,3,32.958051215277784,32.86050347222222,0.0975477430555642,False
selective,0.4,4,selective_p0.4_r04,4,33.04761284722222,32.887304687500006,0.1603081597222129,False
selective,0.4,4,selective_p0.4_r04,5,32.93205295138889,32.7417751736111,0.1902777777777871,False
selective,0.4,4,selective_p0.4_r04,6,33.029361979166666,32.94151475694444,0.0878472222222228,False
selective,0.4,4,selective_p0.4_r04,7,32.952886284722226,32.7800998263889,0.1727864583333271,False
selective,0.4,5,selective_p0.4_r05,0,32.912478298611106,32.764583333333334,0.1478949652777714,False
selective,0.4,5,selective_p0.4_r05,1,32.853515625,32.79856770833332,0.054947916666677,False
selective,0.4,5,selective_p0.4_r05,2,32.98732638888889,32.85015190972223,0.13717447916666,False
selective,0.4,5,selective_p0.4_r05,3,32.818945312500006,32.84264322916667,-0.0236979166666628,False
selective,0.4,5,selective_p0.4_r05,4,32.884006076388886,32.727300347222226,0.15670572916666,False
selective,0.4,5,selective_p0.4_r05,5,32.90551215277779,32.68578559027778,0.2197265625000071,False
selective,0.4,5,selective_p0.4_r05,6,32.894292534722226,32.75707465277778,0.1372178819444443,False
selective,0.4,5,selective_p0.4_r05,7,32.89032118055556,32.72152777777778,0.16879340277778,False
selective,0.4,6,selective_p0.4_r06,0,32.776584201388886,32.80496961805556,-0.0283854166666728,False
selective,0.4,6,selective_p0.4_r06,1,32.92282986111111,32.87092013888889,0.05190972222222,False
selective,0.4,6,selective_p0.4_r06,2,32.9349392361111,32.72543402777778,0.2095052083333186,False
selective,0.4,6,selective_p0.4_r06,3,32.88793402777779,32.77118055555556,0.1167534722222285,False
selective,0.4,6,selective_p0.4_r06,4,32.81861979166667,32.81655815972223,0.0020616319444428,False
selective,0.4,6,selective_p0.4_r06,5,32.91228298611111,32.650737847222224,0.2615451388888843,False
selective,0.4,6,selective_p0.4_r06,6,33.05711805555555,32.7240451388889,0.3330729166666515,False
selective,0.4,6,selective_p0.4_r06,7,32.940820312499994,32.818728298611106,0.1220920138888885,False
selective,0.4,7,selective_p0.4_r07,0,32.9868923611111,32.91345486111111,0.07343749999999,False
selective,0.4,7,selective_p0.4_r07,1,32.84453125,32.82191840277778,0.02261284722222,False
selective,0.4,7,selective_p0.4_r07,2,32.98953993055555,32.76254340277778,0.2269965277777714,False
selective,0.4,7,selective_p0.4_r07,3,32.886653645833334,32.80123697916666,0.0854166666666742,False
selective,0.4,7,selective_p0.4_r07,4,32.92562934027779,32.74711371527778,0.1785156250000099,False
selective,0.4,7,selective_p0.4_r07,5,32.846462673611114,32.84047309027778,0.0059895833333314,False
selective,0.4,7,selective_p0.4_r07,6,32.95256076388889,32.80705295138888,0.1455078125000071,False
selective,0.4,7,selective_p0.4_r07,7,33.06319444444445,32.92814670138888,0.1350477430555656,False
selective,0.4,8,selective_p0.4_r08,0,32.8228298611111,32.70724826388889,0.11558159722221,False
selective,0.4,8,selective_p0.4_r08,1,32.85477430555556,32.68878038194445,0.1659939236111114,False
selective,0.4,8,selective_p0.4_r08,2,32.90013020833334,32.85084635416666,0.0492838541666742,False
selective,0.4,8,selective_p0.4_r08,3,32.99618055555555,32.80123697916667,0.19494357638888,False
selective,0.4,8,selective_p0.4_r08,4,32.922612847222226,32.688693576388886,0.2339192708333399,False
selective,0.4,8,selective_p0.4_r08,5,32.78359375,32.752278645833336,0.0313151041666657,False
selective,0.4,8,selective_p0.4_r08,6,32.92669270833334,32.82311197916667,0.1035807291666728,False
selective,0.4,8,selective_p0.4_r08,7,32.98009982638889,32.828211805555554,0.1518880208333328,False
selective,0.4,9,selective_p0.4_r09,0,32.99450954861111,32.88470052083333,0.1098090277777856,False
selective,0.4,9,selective_p0.4_r09,1,32.97595486111111,32.8220703125,0.1538845486111171,False
selective,0.4,9,selective_p0.4_r09,2,33.06369357638889,32.85659722222223,0.2070963541666657,False
selective,0.4,9,selective_p0.4_r09,3,32.86206597222222,32.767643229166666,0.0944227430555528,False
selective,0.4,9,selective_p0.4_r09,4,32.97313368055555,32.75946180555556,0.2136718749999886,False
selective,0.4,9,selective_p0.4_r09,5,32.951779513888894,32.86009114583333,0.0916883680555642,False
selective,0.4,9,selective_p0.4_r09,6,32.916449652777786,32.85271267361111,0.063736979166677,False
selective,0.4,9,selective_p0.4_r09,7,32.87092013888889,32.77942708333333,0.0914930555555599,False
selective,0.4,10,selective_p0.4_r10,0,32.92578124999999,32.76705729166667,0.1587239583333257,False
selective,0.4,10,selective_p0.4_r10,1,32.92612847222222,32.91145833333334,0.0146701388888743,False
selective,0.4,10,selective_p0.4_r10,2,32.94822048611111,32.75225694444445,0.1959635416666643,False
selective,0.4,10,selective_p0.4_r10,3,32.88085937500001,32.87445746527777,0.0064019097222356,False
selective,0.4,10,selective_p0.4_r10,4,32.998242187500004,32.938823784722224,0.0594184027777799,False
selective,0.4,10,selective_p0.4_r10,5,32.947591145833336,32.73841145833333,0.2091796875000042,False
selective,0.4,10,selective_p0.4_r10,6,32.94622395833333,32.788628472222214,0.1575954861111128,False
selective,0.4,10,selective_p0.4_r10,7,32.967296006944444,32.76280381944444,0.2044921875000014,False
selective,0.4,11,selective_p0.4_r11,0,32.9991970486111,32.90740017361112,0.0917968749999857,False
selective,0.4,11,selective_p0.4_r11,1,32.90290798611111,32.81414930555555,0.0887586805555571,False
selective,0.4,11,selective_p0.4_r11,2,32.810894097222224,32.76510416666667,0.0457899305555571,False
selective,0.4,11,selective_p0.4_r11,3,32.90753038194445,32.76688368055556,0.1406467013888885,False
selective,0.4,11,selective_p0.4_r11,4,32.89587673611111,32.84346788194445,0.0524088541666643,False
selective,0.4,11,selective_p0.4_r11,5,32.87450086805555,32.74687500000001,0.1276258680555386,False
selective,0.4,11,selective_p0.4_r11,6,32.925173611111106,32.77228732638889,0.1528862847222143,False
selective,0.4,11,selective_p0.4_r11,7,32.848611111111104,32.95868055555556,-0.1100694444444556,False
selective,0.4,12,selective_p0.4_r12,0,32.97057291666667,32.82853732638889,0.1420355902777785,False
selective,0.4,12,selective_p0.4_r12,1,32.91918402777778,32.76176215277778,0.1574218750000042,False
selective,0.4,12,selective_p0.4_r12,2,33.00881076388889,32.97141927083333,0.0373914930555585,False
selective,0.4,12,selective_p0.4_r12,3,32.91252170138889,32.7162109375,0.1963107638888885,False
selective,0.4,12,selective_p0.4_r12,4,32.83033854166667,32.83187934027777,-0.0015407986111029,False
selective,0.4,12,selective_p0.4_r12,5,33.166406249999994,32.970247395833326,0.1961588541666685,False
selective,0.4,12,selective_p0.4_r12,6,32.82044270833333,32.746896701388884,0.0735460069444471,False
selective,0.4,12,selective_p0.4_r12,7,32.980251736111114,32.80700954861111,0.1732421875000014,False
selective,0.4,13,selective_p0.4_r13,0,32.89220920138889,32.73704427083334,0.15516493055555,False
selective,0.4,13,selective_p0.4_r13,1,32.96749131944444,32.8216796875,0.14581163194444,False
selective,0.4,13,selective_p0.4_r13,2,33.01994357638889,32.90531684027778,0.1146267361111128,False
selective,0.4,13,selective_p0.4_r13,3,32.960156250000004,32.87309027777778,0.0870659722222271,False
selective,0.4,13,selective_p0.4_r13,4,33.01276041666666,32.818337673611104,0.1944227430555543,False
selective,0.4,13,selective_p0.4_r13,5,32.870941840277766,32.81310763888889,0.0578342013888786,False
selective,0.4,13,selective_p0.4_r13,6,32.935763888888886,32.84275173611111,0.0930121527777743,False
selective,0.4,13,selective_p0.4_r13,7,32.866145833333334,32.731054687500006,0.1350911458333286,False
selective,0.4,14,selective_p0.4_r14,0,32.76755642361111,32.658116319444446,0.1094401041666657,False
selective,0.4,14,selective_p0.4_r14,1,32.93053385416667,32.74270833333333,0.1878255208333357,False
selective,0.4,14,selective_p0.4_r14,2,32.92847222222222,32.77198350694445,0.1564887152777672,False
selective,0.4,14,selective_p0.4_r14,3,32.87955729166666,32.9273220486111,-0.0477647569444457,False
selective,0.4,14,selective_p0.4_r14,4,32.98231336805556,32.8540798611111,0.1282335069444542,False
selective,0.4,14,selective_p0.4_r14,5,33.00230034722222,32.8357421875,0.1665581597222214,False
selective,0.4,14,selective_p0.4_r14,6,32.94448784722223,32.9732421875,-0.0287543402777714,False
selective,0.4,14,selective_p0.4_r14,7,32.81692708333334,32.73530815972222,0.0816189236111171,False
selective,0.4,15,selective_p0.4_r15,0,32.97016059027777,32.734570312500004,0.2355902777777672,False
selective,0.4,15,selective_p0.4_r15,1,32.826757812500006,32.77502170138889,0.0517361111111185,False
selective,0.4,15,selective_p0.4_r15,2,32.85674913194444,32.85842013888889,-0.0016710069444485,False
selective,0.4,15,selective_p0.4_r15,3,32.91460503472222,32.75835503472223,0.1562499999999929,False
selective,0.4,15,selective_p0.4_r15,4,32.85785590277778,32.75056423611111,0.1072916666666685,False
selective,0.4,15,selective_p0.4_r15,5,32.95368923611112,32.77677951388888,0.1769097222222342,False
selective,0.4,15,selective_p0.4_r15,6,33.01354166666666,32.900542534722234,0.1129991319444272,False
selective,0.4,15,selective_p0.4_r15,7,32.94954427083334,32.84338107638888,0.1061631944444627,False
selective,0.4,16,selective_p0.4_r16,0,32.891124131944444,32.734027777777776,0.1570963541666685,False
selective,0.4,16,selective_p0.4_r16,1,32.952387152777774,32.85381944444445,0.0985677083333271,False
selective,0.4,16,selective_p0.4_r16,2,33.00590277777778,32.84720052083334,0.1587022569444371,False
selective,0.4,16,selective_p0.4_r16,3,32.87263454861111,32.79390190972222,0.0787326388888871,False
selective,0.4,16,selective_p0.4_r16,4,32.94713541666667,32.74227430555555,0.2048611111111213,False
selective,0.4,16,selective_p0.4_r16,5,32.80353732638889,32.768359375,0.0351779513888956,False
selective,0.4,16,selective_p0.4_r16,6,32.90987413194444,32.81853298611111,0.0913411458333328,False
selective,0.4,16,selective_p0.4_r16,7,32.81404079861111,32.780859375,0.0331814236111114,False
selective,0.4,17,selective_p0.4_r17,0,32.87610677083333,32.770876736111106,0.1052300347222257,False
selective,0.4,17,selective_p0.4_r17,1,32.915581597222214,32.87827690972222,0.0373046874999971,False
selective,0.4,17,selective_p0.4_r17,2,32.9755859375,32.85171440972222,0.1238715277777799,False
selective,0.4,17,selective_p0.4_r17,3,32.791601562500006,32.76671006944444,0.0248914930555699,False
selective,0.4,17,selective_p0.4_r17,4,32.96438802083334,32.86744791666667,0.0969401041666699,False
selective,0.4,17,selective_p0.4_r17,5,32.93897569444445,32.87628038194445,0.0626953125000042,False
selective,0.4,17,selective_p0.4_r17,6,32.876063368055554,32.73602430555555,0.1400390625000014,False
selective,0.4,17,selective_p0.4_r17,7,32.99125434027778,32.800672743055564,0.1905815972222129,False
selective,0.4,18,selective_p0.4_r18,0,32.909613715277786,32.72862413194445,0.1809895833333357,False
selective,0.4,18,selective_p0.4_r18,1,33.00572916666667,32.80097656249999,0.2047526041666785,False
selective,0.4,18,selective_p0.4_r18,2,32.78674045138889,32.87408854166667,-0.0873480902777856,False
selective,0.4,18,selective_p0.4_r18,3,33.074565972222224,32.99596354166667,0.0786024305555557,False
selective,0.4,18,selective_p0.4_r18,4,32.898350694444446,32.78739149305556,0.1109592013888871,False
selective,0.4,18,selective_p0.4_r18,5,32.8865234375,32.86736111111112,0.0191623263888871,False
selective,0.4,18,selective_p0.4_r18,6,32.79496527777778,32.86623263888889,-0.0712673611111114,False
selective,0.4,18,selective_p0.4_r18,7,32.874392361111106,32.76158854166666,0.1128038194444442,False
selective,0.4,19,selective_p0.4_r19,0,32.821875,32.74010416666666,0.0817708333333371,False
selective,0.4,19,selective_p0.4_r19,1,32.861523437500004,32.75013020833333,0.1113932291666728,False
selective,0.4,19,selective_p0.4_r19,2,32.879123263888886,32.799218749999994,0.0799045138888914,False
selective,0.4,19,selective_p0.4_r19,3,32.89748263888888,32.8461154513889,0.0513671874999843,False
selective,0.4,19,selective_p0.4_r19,4,33.02163628472223,32.78350694444445,0.23812934027778,False
selective,0.4,19,selective_p0.4_r19,5,32.97376302083333,32.88843315972222,0.0853298611111128,False
selective,0.4,19,selective_p0.4_r19,6,32.92254774305556,32.71885850694444,0.2036892361111171,False
selective,0.4,19,selective_p0.4_r19,7,32.91098090277778,32.79787326388888,0.1131076388888985,False
selective,0.5,0,selective_p0.5_r00,0,32.88934461805555,32.79403211805556,0.0953124999999914,False
selective,0.5,0,selective_p0.5_r00,1,32.966883680555554,32.815625000000004,0.15125868055555,False
selective,0.5,0,selective_p0.5_r00,2,32.870464409722224,32.85859375,0.0118706597222271,False
selective,0.5,0,selective_p0.5_r00,3,32.90290798611112,32.88951822916667,0.0133897569444485,False
selective,0.5,0,selective_p0.5_r00,4,33.05570746527778,32.80581597222222,0.2498914930555571,False
selective,0.5,0,selective_p0.5_r00,5,32.94676649305555,32.79772135416666,0.1490451388888871,False
selective,0.5,0,selective_p0.5_r00,6,32.83055555555556,32.60243055555556,0.2281249999999985,False
selective,0.5,0,selective_p0.5_r00,7,32.86325954861111,32.88472222222222,-0.0214626736111114,False
selective,0.5,1,selective_p0.5_r01,0,33.04205729166666,32.791015625,0.2510416666666586,False
selective,0.5,1,selective_p0.5_r01,1,32.96048177083333,32.767534722222216,0.1929470486111171,False
selective,0.5,1,selective_p0.5_r01,2,32.84446614583334,32.819401041666666,0.0250651041666714,False
selective,0.5,1,selective_p0.5_r01,3,33.04884982638888,33.00822482638888,0.0406249999999985,False
selective,0.5,1,selective_p0.5_r01,4,33.02591145833333,32.834201388888886,0.1917100694444471,False
selective,0.5,1,selective_p0.5_r01,5,32.92934027777778,32.699457465277774,0.2298828125000085,False
selective,0.5,1,selective_p0.5_r01,6,33.00614149305555,32.851323784722226,0.1548177083333257,False
selective,0.5,1,selective_p0.5_r01,7,32.947634548611106,32.83619791666667,0.1114366319444357,False
selective,0.5,2,selective_p0.5_r02,0,32.94516059027778,32.84173177083333,0.1034288194444528,False
selective,0.5,2,selective_p0.5_r02,1,32.92673611111111,32.81412760416667,0.11260850694444,False
selective,0.5,2,selective_p0.5_r02,2,32.94270833333333,32.784830729166664,0.1578776041666643,False
selective,0.5,2,selective_p0.5_r02,3,32.90703125,32.685872395833336,0.22115885416666,False
selective,0.5,2,selective_p0.5_r02,4,32.981163194444456,32.76349826388889,0.2176649305555642,False
selective,0.5,2,selective_p0.5_r02,5,33.03250868055556,32.83845486111111,0.1940538194444485,False
selective,0.5,2,selective_p0.5_r02,6,32.85028211805555,32.83233506944445,0.0179470486111057,False
selective,0.5,2,selective_p0.5_r02,7,32.79607204861111,32.678927951388886,0.1171440972222228,False
selective,0.5,3,selective_p0.5_r03,0,32.92888454861112,32.74537760416666,0.1835069444444528,False
selective,0.5,3,selective_p0.5_r03,1,32.92124565972221,32.779210069444446,0.1420355902777643,False
selective,0.5,3,selective_p0.5_r03,2,32.817730034722224,32.809960937499994,0.0077690972222299,False
selective,0.5,3,selective_p0.5_r03,3,33.050195312499994,32.94058159722223,0.1096137152777672,False
selective,0.5,3,selective_p0.5_r03,4,32.95705295138889,32.87628038194444,0.0807725694444485,False
selective,0.5,3,selective_p0.5_r03,5,32.91532118055556,32.80635850694445,0.10896267361111,False
selective,0.5,3,selective_p0.5_r03,6,32.95700954861111,32.76712239583334,0.1898871527777714,False
selective,0.5,3,selective_p0.5_r03,7,32.907139756944446,32.704752604166664,0.2023871527777814,False
selective,0.5,4,selective_p0.5_r04,0,32.983094618055546,32.77326388888889,0.2098307291666543,False
selective,0.5,4,selective_p0.5_r04,1,32.89611545138889,32.88446180555556,0.0116536458333271,False
selective,0.5,4,selective_p0.5_r04,2,32.82393663194445,32.769184027777776,0.0547526041666728,False
selective,0.5,4,selective_p0.5_r04,3,32.971896701388886,32.760980902777774,0.2109157986111114,False
selective,0.5,4,selective_p0.5_r04,4,32.883181423611106,32.75394965277778,0.1292317708333286,False
selective,0.5,4,selective_p0.5_r04,5,32.95466579861112,32.862087673611114,0.0925781250000028,False
selective,0.5,4,selective_p0.5_r04,6,32.94045138888889,32.823763020833326,0.1166883680555628,False
selective,0.5,4,selective_p0.5_r04,7,32.98747829861111,32.71386718749999,0.2736111111111157,False
selective,0.5,5,selective_p0.5_r05,0,32.828624131944444,32.69281684027778,0.1358072916666657,False
selective,0.5,5,selective_p0.5_r05,1,32.9669921875,32.855143229166664,0.1118489583333328,False
selective,0.5,5,selective_p0.5_r05,2,32.854861111111106,32.70440538194444,0.1504557291666657,False
selective,0.5,5,selective_p0.5_r05,3,32.9626953125,32.8045138888889,0.1581814236111043,False
selective,0.5,5,selective_p0.5_r05,4,32.91204427083332,32.92374131944444,-0.0116970486111185,False
selective,0.5,5,selective_p0.5_r05,5,32.83515625,32.80785590277778,0.0273003472222157,False
selective,0.5,5,selective_p0.5_r05,6,32.92706163194444,32.74835069444444,0.1787109375,False
selective,0.5,5,selective_p0.5_r05,7,32.79717881944444,32.74926215277779,0.0479166666666515,False
selective,0.5,6,selective_p0.5_r06,0,32.922265624999994,32.80323350694445,0.1190321180555429,False
selective,0.5,6,selective_p0.5_r06,1,32.94930555555556,32.81351996527778,0.1357855902777842,False
selective,0.5,6,selective_p0.5_r06,2,32.90642361111112,32.79177517361111,0.1146484375000085,False
selective,0.5,6,selective_p0.5_r06,3,32.94401041666666,32.78669704861111,0.1573133680555472,False
selective,0.5,6,selective_p0.5_r06,4,32.949544270833336,32.75514322916666,0.1944010416666728,False
selective,0.5,6,selective_p0.5_r06,5,32.87191840277777,32.75394965277778,0.1179687499999957,False
selective,0.5,6,selective_p0.5_r06,6,32.900607638888886,32.79307725694445,0.1075303819444357,False
selective,0.5,6,selective_p0.5_r06,7,32.90907118055556,32.727170138888894,0.1819010416666628,False
selective,0.5,7,selective_p0.5_r07,0,33.076605902777786,32.85540364583332,0.2212022569444656,False
selective,0.5,7,selective_p0.5_r07,1,33.04915364583333,32.90342881944444,0.1457248263888928,False
selective,0.5,7,selective_p0.5_r07,2,32.92506510416666,32.90023871527778,0.0248263888888828,False
selective,0.5,7,selective_p0.5_r07,3,32.910525173611106,32.90620659722222,0.0043185763888828,False
selective,0.5,7,selective_p0.5_r07,4,33.02484809027778,32.917534722222214,0.1073133680555642,False
selective,0.5,7,selective_p0.5_r07,5,33.020572916666666,32.7865451388889,0.2340277777777686,False
selective,0.5,7,selective_p0.5_r07,6,32.82786458333334,32.70796440972222,0.1199001736111142,False
selective,0.5,7,selective_p0.5_r07,7,32.97801649305556,32.76134982638889,0.2166666666666685,False
selective,0.5,8,selective_p0.5_r08,0,33.006228298611106,32.71538628472222,0.2908420138888843,False
selective,0.5,8,selective_p0.5_r08,1,33.05713975694445,32.84711371527777,0.2100260416666799,False
selective,0.5,8,selective_p0.5_r08,2,32.82224392361111,32.79913194444445,0.0231119791666642,False
selective,0.5,8,selective_p0.5_r08,3,32.969379340277776,32.83715277777778,0.1322265624999943,False
selective,0.5,8,selective_p0.5_r08,4,32.9955078125,32.78031684027778,0.2151909722222242,False
selective,0.5,8,selective_p0.5_r08,5,32.98956163194445,32.93140190972222,0.0581597222222285,False
selective,0.5,8,selective_p0.5_r08,6,32.917578125000006,32.746419270833336,0.1711588541666699,False
selective,0.5,8,selective_p0.5_r08,7,32.967990451388886,32.84863281249999,0.1193576388888928,False
selective,0.5,9,selective_p0.5_r09,0,32.94754774305555,32.74898003472222,0.1985677083333286,False
selective,0.5,9,selective_p0.5_r09,1,32.89952256944445,32.89735243055556,0.0021701388888928,False
selective,0.5,9,selective_p0.5_r09,2,32.883854166666666,32.73244357638889,0.1514105902777771,False
selective,0.5,9,selective_p0.5_r09,3,32.97406684027778,32.88402777777778,0.0900390624999971,False
selective,0.5,9,selective_p0.5_r09,4,32.80088975694445,32.652560763888886,0.1483289930555642,False
selective,0.5,9,selective_p0.5_r09,5,32.99730902777778,32.86028645833333,0.1370225694444542,False
selective,0.5,9,selective_p0.5_r09,6,32.86963975694445,32.76933593750001,0.1003038194444414,False
selective,0.5,9,selective_p0.5_r09,7,32.86254340277778,32.84288194444444,0.0196614583333385,False
selective,0.5,10,selective_p0.5_r10,0,32.891536458333334,32.85086805555555,0.0406684027777828,False
selective,0.5,10,selective_p0.5_r10,1,32.84435763888889,32.70822482638889,0.1361328124999943,False
selective,0.5,10,selective_p0.5_r10,2,32.95590277777777,32.81510416666667,0.1407986111111014,False
selective,0.5,10,selective_p0.5_r10,3,32.92680121527778,32.80523003472222,0.1215711805555557,False
selective,0.5,10,selective_p0.5_r10,4,33.01349826388889,32.760828993055554,0.2526692708333371,False
selective,0.5,10,selective_p0.5_r10,5,32.98296440972222,32.637695312499986,0.3452690972222356,False
selective,0.5,10,selective_p0.5_r10,6,32.97730034722221,32.84461805555556,0.1326822916666543,False
selective,0.5,10,selective_p0.5_r10,7,33.006640625,32.85881076388889,0.1478298611111128,False
selective,0.5,11,selective_p0.5_r11,0,32.78509114583334,32.673372395833326,0.1117187500000156,False
selective,0.5,11,selective_p0.5_r11,1,32.987239583333334,32.86484375,0.1223958333333357,False
selective,0.5,11,selective_p0.5_r11,2,32.87643229166667,32.89288194444444,-0.0164496527777728,False
selective,0.5,11,selective_p0.5_r11,3,32.90434027777778,32.82204861111111,0.0822916666666699,False
selective,0.5,11,selective_p0.5_r11,4,32.91946614583333,32.69950086805556,0.2199652777777743,False
selective,0.5,11,selective_p0.5_r11,5,32.97139756944444,32.815082465277776,0.1563151041666657,False
selective,0.5,11,selective_p0.5_r11,6,32.816037326388894,32.79989149305555,0.016145833333347,False
selective,0.5,11,selective_p0.5_r11,7,33.01384548611112,32.7993923611111,0.2144531250000128,False
selective,0.5,12,selective_p0.5_r12,0,32.9447482638889,32.72456597222222,0.2201822916666742,False
selective,0.5,12,selective_p0.5_r12,1,32.95805121527778,32.82936197916666,0.1286892361111142,False
selective,0.5,12,selective_p0.5_r12,2,32.930208333333326,32.674197048611106,0.25601128472222,False
selective,0.5,12,selective_p0.5_r12,3,32.89774305555555,32.75505642361112,0.1426866319444357,False
selective,0.5,12,selective_p0.5_r12,4,33.04112413194444,32.81013454861111,0.2309895833333328,False
selective,0.5,12,selective_p0.5_r12,5,32.72662760416667,32.90965711805555,-0.1830295138888757,False
selective,0.5,12,selective_p0.5_r12,6,32.910525173611106,32.73585069444445,0.1746744791666543,False
selective,0.5,12,selective_p0.5_r12,7,32.91139322916667,32.77645399305555,0.1349392361111228,False
selective,0.5,13,selective_p0.5_r13,0,32.831640625,32.66907552083334,0.16256510416666,False
selective,0.5,13,selective_p0.5_r13,1,32.907139756944446,32.75162760416667,0.1555121527777743,False
selective,0.5,13,selective_p0.5_r13,2,33.01482204861112,32.87721354166667,0.1376085069444457,False
selective,0.5,13,selective_p0.5_r13,3,33.02578125,32.90733506944444,0.1184461805555656,False
selective,0.5,13,selective_p0.5_r13,4,33.02263454861112,32.951562499999994,0.0710720486111213,False
selective,0.5,13,selective_p0.5_r13,5,32.90822482638889,32.77037760416667,0.13784722222222,False
selective,0.5,13,selective_p0.5_r13,6,32.82981770833333,32.81538628472222,0.0144314236111071,False
selective,0.5,13,selective_p0.5_r13,7,32.90277777777779,32.8003689236111,0.1024088541666898,False
selective,0.5,14,selective_p0.5_r14,0,32.98344184027778,32.82814670138889,0.1552951388888885,False
selective,0.5,14,selective_p0.5_r14,1,33.01091579861111,32.74131944444444,0.2695963541666657,False
selective,0.5,14,selective_p0.5_r14,2,32.933268229166664,32.864474826388886,0.0687934027777785,False
selective,0.5,14,selective_p0.5_r14,3,32.903667534722224,32.94251302083333,-0.0388454861111071,False
selective,0.5,14,selective_p0.5_r14,4,32.782812500000006,32.69372829861111,0.0890842013888928,False
selective,0.5,14,selective_p0.5_r14,5,32.90132378472222,32.65483940972222,0.2464843750000014,False
selective,0.5,14,selective_p0.5_r14,6,33.02313368055556,32.92215711805555,0.1009765625000085,False
selective,0.5,14,selective_p0.5_r14,7,32.900976562500006,32.71634114583333,0.1846354166666728,False
selective,0.5,15,selective_p0.5_r15,0,32.83103298611112,32.74678819444444,0.084244791666677,False
selective,0.5,15,selective_p0.5_r15,1,32.85700954861111,32.695941840277776,0.1610677083333342,False
selective,0.5,15,selective_p0.5_r15,2,32.90308159722222,32.813107638888894,0.0899739583333243,False
selective,0.5,15,selective_p0.5_r15,3,33.01994357638889,32.93769531249999,0.0822482638888999,False
selective,0.5,15,selective_p0.5_r15,4,32.862586805555544,32.65687934027778,0.2057074652777615,False
selective,0.5,15,selective_p0.5_r15,5,32.869748263888894,32.82575954861111,0.0439887152777842,False
selective,0.5,15,selective_p0.5_r15,6,32.87897135416665,32.80119357638889,0.0777777777777615,False
selective,0.5,15,selective_p0.5_r15,7,32.76835937500001,32.704448784722224,0.0639105902777856,False
selective,0.5,16,selective_p0.5_r16,0,33.0161892361111,32.80386284722222,0.2123263888888829,False
selective,0.5,16,selective_p0.5_r16,1,32.81736111111112,32.76788194444444,0.0494791666666785,False
selective,0.5,16,selective_p0.5_r16,2,32.93370225694445,32.83541666666666,0.0982855902777899,False
selective,0.5,16,selective_p0.5_r16,3,32.86414930555556,32.709071180555554,0.1550781250000028,False
selective,0.5,16,selective_p0.5_r16,4,33.05542534722222,32.853125,0.20230034722222,False
selective,0.5,16,selective_p0.5_r16,5,32.85397135416667,32.7953342013889,0.05863715277777,False
selective,0.5,16,selective_p0.5_r16,6,32.8552734375,32.66161024305556,0.19366319444444,False
selective,0.5,16,selective_p0.5_r16,7,32.965625,32.76351996527778,0.2021050347222228,False
selective,0.5,17,selective_p0.5_r17,0,33.06009114583333,32.68216145833333,0.3779296875,False
selective,0.5,17,selective_p0.5_r17,1,32.975499131944446,32.76970486111112,0.20579427083333,False
selective,0.5,17,selective_p0.5_r17,2,33.00455729166666,32.854730902777774,0.1498263888888829,False
selective,0.5,17,selective_p0.5_r17,3,32.96015625,32.71736111111111,0.2427951388888871,False
selective,0.5,17,selective_p0.5_r17,4,33.02063802083333,32.80442708333334,0.2162109374999943,False
selective,0.5,17,selective_p0.5_r17,5,32.88109809027778,32.72035590277778,0.1607421874999985,False
selective,0.5,17,selective_p0.5_r17,6,32.80748697916667,32.83634982638888,-0.0288628472222143,False
selective,0.5,17,selective_p0.5_r17,7,32.94457465277778,32.81577690972222,0.1287977430555642,False
selective,0.5,18,selective_p0.5_r18,0,33.069726562499994,32.721744791666666,0.3479817708333286,False
selective,0.5,18,selective_p0.5_r18,1,32.864171006944446,32.73945312499999,0.1247178819444556,False
selective,0.5,18,selective_p0.5_r18,2,32.975412326388884,32.80770399305556,0.1677083333333229,False
selective,0.5,18,selective_p0.5_r18,3,32.93754340277778,32.74622395833333,0.1913194444444457,False
selective,0.5,18,selective_p0.5_r18,4,33.011610243055564,32.84989149305555,0.1617187500000128,False
selective,0.5,18,selective_p0.5_r18,5,33.05967881944444,32.89008246527777,0.1695963541666643,False
selective,0.5,18,selective_p0.5_r18,6,32.99474826388889,32.862521701388886,0.1322265625000014,False
selective,0.5,18,selective_p0.5_r18,7,32.97413194444445,32.98648003472223,-0.0123480902777757,False
selective,0.5,19,selective_p0.5_r19,0,32.9126953125,32.66197916666667,0.25071614583333,False
selective,0.5,19,selective_p0.5_r19,1,32.87682291666667,32.82478298611111,0.0520399305555585,False
selective,0.5,19,selective_p0.5_r19,2,32.94166666666667,32.77549913194444,0.1661675347222271,False
selective,0.5,19,selective_p0.5_r19,3,32.94672309027778,32.775325520833334,0.1713975694444443,False
selective,0.5,19,selective_p0.5_r19,4,32.92052951388889,32.88522135416667,0.03530815972222,False
selective,0.5,19,selective_p0.5_r19,5,32.86493055555556,32.81404079861111,0.0508897569444499,False
selective,0.5,19,selective_p0.5_r19,6,32.89763454861111,32.62198350694444,0.27565104166667,False
selective,0.5,19,selective_p0.5_r19,7,32.8920138888889,32.79789496527778,0.0941189236111199,False
selective,0.6,0,selective_p0.6_r00,0,32.921093750000004,32.81497395833334,0.1061197916666643,False
selective,0.6,0,selective_p0.6_r00,1,32.95616319444444,32.709505208333326,0.2466579861111171,False
selective,0.6,0,selective_p0.6_r00,2,32.77940538194445,32.73936631944444,0.0400390625000071,False
selective,0.6,0,selective_p0.6_r00,3,32.92443576388889,32.76371527777778,0.16072048611111,False
selective,0.6,0,selective_p0.6_r00,4,32.95911458333333,32.89628906250001,0.0628255208333214,False
selective,0.6,0,selective_p0.6_r00,5,32.977756076388886,32.74720052083333,0.2305555555555543,False
selective,0.6,0,selective_p0.6_r00,6,32.92100694444444,32.96338975694445,-0.0423828125000085,False
selective,0.6,0,selective_p0.6_r00,7,33.03096788194444,32.71510416666667,0.3158637152777714,False
selective,0.6,1,selective_p0.6_r01,0,32.99828559027778,32.7498046875,0.2484809027777856,False
selective,0.6,1,selective_p0.6_r01,1,32.82074652777778,32.72005208333333,0.1006944444444499,False
selective,0.6,1,selective_p0.6_r01,2,32.94496527777778,32.80583767361111,0.1391276041666742,False
selective,0.6,1,selective_p0.6_r01,3,32.900998263888894,32.86143663194445,0.0395616319444442,False
selective,0.6,1,selective_p0.6_r01,4,32.83997395833333,32.80494791666666,0.0350260416666685,False
selective,0.6,1,selective_p0.6_r01,5,33.02840711805555,32.801106770833336,0.2273003472222114,False
selective,0.6,1,selective_p0.6_r01,6,33.07957899305556,32.885698784722216,0.1938802083333399,False
selective,0.6,1,selective_p0.6_r01,7,32.87901475694444,32.82760416666666,0.0514105902777828,False
selective,0.6,2,selective_p0.6_r02,0,32.84945746527777,32.70967881944445,0.1397786458333243,False
selective,0.6,2,selective_p0.6_r02,1,33.00314670138889,32.64565972222222,0.3574869791666728,False
selective,0.6,2,selective_p0.6_r02,2,32.94411892361111,32.78053385416667,0.1635850694444371,False
selective,0.6,2,selective_p0.6_r02,3,32.90308159722223,32.819010416666664,0.0840711805555685,False
selective,0.6,2,selective_p0.6_r02,4,32.982356770833334,32.89194878472222,0.0904079861111171,False
selective,0.6,2,selective_p0.6_r02,5,33.01976996527778,32.82992621527778,0.1898437500000014,False
selective,0.6,2,selective_p0.6_r02,6,32.92348090277778,32.73923611111111,0.1842447916666714,False
selective,0.6,2,selective_p0.6_r02,7,33.0060546875,32.72055121527778,0.2855034722222171,False
selective,0.6,3,selective_p0.6_r03,0,32.90746527777778,32.79149305555556,0.1159722222222257,False
selective,0.6,3,selective_p0.6_r03,1,33.01746961805556,32.76961805555555,0.2478515625000099,False
selective,0.6,3,selective_p0.6_r03,2,33.14192708333333,32.805316840277776,0.3366102430555528,False
selective,0.6,3,selective_p0.6_r03,3,32.85104166666666,32.73986545138889,0.1111762152777728,False
selective,0.6,3,selective_p0.6_r03,4,32.87102864583333,32.764322916666664,0.1067057291666628,False
selective,0.6,3,selective_p0.6_r03,5,32.86167534722222,32.762326388888894,0.0993489583333229,False
selective,0.6,3,selective_p0.6_r03,6,33.029947916666664,32.83368055555556,0.1962673611111043,False
selective,0.6,3,selective_p0.6_r03,7,32.96258680555556,32.69917534722222,0.2634114583333371,False
selective,0.6,4,selective_p0.6_r04,0,32.95551215277778,32.68845486111111,0.2670572916666671,False
selective,0.6,4,selective_p0.6_r04,1,33.03689236111112,32.79459635416667,0.2422960069444499,False
selective,0.6,4,selective_p0.6_r04,2,32.9224392361111,32.83745659722222,0.0849826388888814,False
selective,0.6,4,selective_p0.6_r04,3,32.86918402777778,32.72400173611112,0.1451822916666572,False
selective,0.6,4,selective_p0.6_r04,4,33.05041232638889,32.80755208333332,0.242860243055567,False
selective,0.6,4,selective_p0.6_r04,5,32.90327690972222,32.778103298611114,0.1251736111111085,False
selective,0.6,4,selective_p0.6_r04,6,33.05125868055555,32.82771267361112,0.2235460069444315,False
selective,0.6,4,selective_p0.6_r04,7,32.88569878472222,32.84631076388889,0.0393880208333357,False
selective,0.6,5,selective_p0.6_r05,0,33.07118055555555,32.84333767361112,0.2278428819444329,False
selective,0.6,5,selective_p0.6_r05,1,32.97914496527779,32.83374565972222,0.1453993055555713,False
selective,0.6,5,selective_p0.6_r05,2,32.94743923611111,32.72625868055555,0.2211805555555557,False
selective,0.6,5,selective_p0.6_r05,3,33.02398003472222,32.91336805555556,0.1106119791666628,False
selective,0.6,5,selective_p0.6_r05,4,33.0099609375,32.80967881944444,0.2002821180555543,False
selective,0.6,5,selective_p0.6_r05,5,33.02226562499999,32.935742187500004,0.0865234374999843,False
selective,0.6,5,selective_p0.6_r05,6,33.13561197916667,32.932530381944446,0.2030815972222228,False
selective,0.6,5,selective_p0.6_r05,7,33.080295138888886,32.91252170138888,0.1677734375000028,False
selective,0.6,6,selective_p0.6_r06,0,32.99598524305555,32.75891927083333,0.2370659722222186,False
selective,0.6,6,selective_p0.6_r06,1,32.86688368055556,32.832400173611106,0.0344835069444542,False
selective,0.6,6,selective_p0.6_r06,2,33.0740234375,32.754644097222226,0.3193793402777771,False
selective,0.6,6,selective_p0.6_r06,3,32.89394531250001,32.81069878472223,0.0832465277777814,False
selective,0.6,6,selective_p0.6_r06,4,33.07061631944444,32.74989149305556,0.3207248263888829,False
selective,0.6,6,selective_p0.6_r06,5,32.87623697916666,32.79216579861111,0.0840711805555542,False
selective,0.6,6,selective_p0.6_r06,6,32.92376302083333,32.84027777777778,0.0834852430555486,False
selective,0.6,6,selective_p0.6_r06,7,32.846875000000004,32.77276475694445,0.0741102430555571,False
selective,0.6,7,selective_p0.6_r07,0,32.91829427083333,32.75551215277778,0.1627821180555457,False
selective,0.6,7,selective_p0.6_r07,1,32.97118055555556,32.87795138888889,0.0932291666666671,False
selective,0.6,7,selective_p0.6_r07,2,33.01833767361111,32.85802951388889,0.16030815972222,False
selective,0.6,7,selective_p0.6_r07,3,32.95653211805556,32.964626736111114,-0.0080946180555585,False
selective,0.6,7,selective_p0.6_r07,4,33.02035590277778,32.8369140625,0.18344184027778,False
selective,0.6,7,selective_p0.6_r07,5,32.77484809027777,32.709374999999994,0.0654730902777771,False
selective,0.6,7,selective_p0.6_r07,6,33.0369140625,32.846506076388906,0.1904079861110972,False
selective,0.6,7,selective_p0.6_r07,7,32.98522135416667,32.989040798611114,-0.0038194444444457,False
selective,0.6,8,selective_p0.6_r08,0,33.02109375,32.737651909722224,0.2834418402777743,False
selective,0.6,8,selective_p0.6_r08,1,33.017491319444446,32.79893663194444,0.2185546875000028,False
selective,0.6,8,selective_p0.6_r08,2,32.975151909722214,32.697243923611104,0.27790798611111,False
selective,0.6,8,selective_p0.6_r08,3,32.921657986111114,32.72790798611111,0.1937500000000014,False
selective,0.6,8,selective_p0.6_r08,4,32.977864583333336,32.91332465277779,0.0645399305555471,False
selective,0.6,8,selective_p0.6_r08,5,32.84576822916667,32.75266927083333,0.0930989583333428,False
selective,0.6,8,selective_p0.6_r08,6,32.99253472222222,32.903125,0.0894097222222143,False
selective,0.6,8,selective_p0.6_r08,7,33.05872395833333,32.86161024305555,0.19711371527778,False
selective,0.6,9,selective_p0.6_r09,0,32.955902777777766,32.79978298611111,0.1561197916666543,False
selective,0.6,9,selective_p0.6_r09,1,32.978125000000006,32.69147135416666,0.286653645833347,False
selective,0.6,9,selective_p0.6_r09,2,32.944140625,32.78370225694445,0.1604383680555443,False
selective,0.6,9,selective_p0.6_r09,3,32.98328993055556,32.75210503472222,0.2311848958333371,False
selective,0.6,9,selective_p0.6_r09,4,32.85813802083334,32.7474609375,0.1106770833333357,False
selective,0.6,9,selective_p0.6_r09,5,33.01200086805555,32.81056857638889,0.2014322916666628,False
selective,0.6,9,selective_p0.6_r09,6,33.01234809027778,32.86108940972222,0.1512586805555642,False
selective,0.6,9,selective_p0.6_r09,7,33.02782118055556,32.82591145833334,0.2019097222222186,False
selective,0.6,10,selective_p0.6_r10,0,32.95505642361112,32.72033420138889,0.2347222222222313,False
selective,0.6,10,selective_p0.6_r10,1,32.907009548611114,32.717317708333326,0.1896918402777885,False
selective,0.6,10,selective_p0.6_r10,2,33.0318359375,32.76367187500001,0.2681640624999915,False
selective,0.6,10,selective_p0.6_r10,3,32.99424913194444,32.79711371527778,0.1971354166666614,False
selective,0.6,10,selective_p0.6_r10,4,33.04225260416666,32.864973958333344,0.1772786458333186,False
selective,0.6,10,selective_p0.6_r10,5,32.93969184027779,32.869466145833336,0.0702256944444528,False
selective,0.6,10,selective_p0.6_r10,6,32.95553385416667,32.83328993055556,0.1222439236111085,False
selective,0.6,10,selective_p0.6_r10,7,33.053081597222224,32.928059895833336,0.1250217013888885,False
selective,0.6,11,selective_p0.6_r11,0,32.79253472222222,32.62797309027778,0.1645616319444443,False
selective,0.6,11,selective_p0.6_r11,1,32.9541015625,32.7318359375,0.2222656249999985,False
selective,0.6,11,selective_p0.6_r11,2,32.95225694444445,32.71566840277777,0.2365885416666771,False
selective,0.6,11,selective_p0.6_r11,3,33.07575954861112,32.72960069444445,0.3461588541666671,False
selective,0.6,11,selective_p0.6_r11,4,32.89329427083332,32.741015625,0.15227864583332,False
selective,0.6,11,selective_p0.6_r11,5,32.972330729166664,32.776258680555564,0.1960720486111,False
selective,0.6,11,selective_p0.6_r11,6,32.918294270833336,32.74542100694444,0.1728732638888956,False
selective,0.6,11,selective_p0.6_r11,7,32.93270399305555,32.794162326388886,0.1385416666666614,False
selective,0.6,12,selective_p0.6_r12,0,32.95831163194444,32.89259982638889,0.0657118055555514,False
selective,0.6,12,selective_p0.6_r12,1,32.9322265625,32.83387586805556,0.0983506944444414,False
selective,0.6,12,selective_p0.6_r12,2,33.03654513888889,32.89073350694444,0.1458116319444471,False
selective,0.6,12,selective_p0.6_r12,3,32.94776475694445,32.81877170138888,0.1289930555555685,False
selective,0.6,12,selective_p0.6_r12,4,33.044270833333336,32.63502604166667,0.4092447916666657,False
selective,0.6,12,selective_p0.6_r12,5,32.97532552083334,32.727473958333334,0.2478515625000028,False
selective,0.6,12,selective_p0.6_r12,6,33.02278645833334,33.02649739583333,-0.0037109374999886,False
selective,0.6,12,selective_p0.6_r12,7,32.99216579861112,32.89088541666668,0.1012803819444414,False
selective,0.6,13,selective_p0.6_r13,0,32.803493923611114,32.57076822916666,0.2327256944444542,False
selective,0.6,13,selective_p0.6_r13,1,32.99262152777778,32.66746961805556,0.3251519097222228,False
selective,0.6,13,selective_p0.6_r13,2,32.71019965277779,32.62022569444444,0.0899739583333456,False
selective,0.6,13,selective_p0.6_r13,3,32.8636935763889,32.74034288194444,0.1233506944444542,False
selective,0.6,13,selective_p0.6_r13,4,32.92760416666667,32.66059027777778,0.26701388888889,False
selective,0.6,13,selective_p0.6_r13,5,32.9259548611111,32.7338107638889,0.1921440972222043,False
selective,0.6,13,selective_p0.6_r13,6,32.898220486111114,32.805859375000004,0.09236111111111,False
selective,0.6,13,selective_p0.6_r13,7,32.87601996527778,32.69676649305555,0.1792534722222285,False
selective,0.6,14,selective_p0.6_r14,0,32.92808159722222,32.67604166666667,0.2520399305555472,False
selective,0.6,14,selective_p0.6_r14,1,32.85388454861111,32.732573784722234,0.1213107638888786,False
selective,0.6,14,selective_p0.6_r14,2,32.989279513888896,32.81176215277778,0.1775173611111142,False
selective,0.6,14,selective_p0.6_r14,3,33.019726562500004,32.83328993055555,0.1864366319444528,False
selective,0.6,14,selective_p0.6_r14,4,32.82078993055556,32.66473524305556,0.1560546874999957,False
selective,0.6,14,selective_p0.6_r14,5,32.88081597222222,32.846202256944444,0.0346137152777785,False
selective,0.6,14,selective_p0.6_r14,6,33.12743055555555,32.78528645833333,0.3421440972222171,False
selective,0.6,14,selective_p0.6_r14,7,33.04075520833334,32.685937499999994,0.3548177083333428,False
selective,0.6,15,selective_p0.6_r15,0,32.898763020833336,32.78615451388889,0.1126085069444471,False
selective,0.6,15,selective_p0.6_r15,1,32.89266493055555,32.73873697916667,0.15392795138888,False
selective,0.6,15,selective_p0.6_r15,2,32.91631944444444,32.78990885416667,0.1264105902777714,False
selective,0.6,15,selective_p0.6_r15,3,32.87361111111112,32.74915364583333,0.1244574652777856,False
selective,0.6,15,selective_p0.6_r15,4,32.933203125,32.748741319444456,0.1844618055555429,False
selective,0.6,15,selective_p0.6_r15,5,32.90575086805556,32.69427083333333,0.2114800347222285,False
selective,0.6,15,selective_p0.6_r15,6,33.00562065972222,32.816796875,0.1888237847222171,False
selective,0.6,15,selective_p0.6_r15,7,32.7876736111111,32.78246527777778,0.0052083333333214,False
selective,0.6,16,selective_p0.6_r16,0,33.06981336805556,32.79672309027778,0.2730902777777828,False
selective,0.6,16,selective_p0.6_r16,1,32.957421875,32.83832465277778,0.1190972222222228,False
selective,0.6,16,selective_p0.6_r16,2,32.84344618055555,32.8158203125,0.0276258680555514,False
selective,0.6,16,selective_p0.6_r16,3,32.88621961805556,32.722721354166666,0.16349826388889,False
selective,0.6,16,selective_p0.6_r16,4,32.95006510416667,32.797677951388884,0.1523871527777842,False
selective,0.6,16,selective_p0.6_r16,5,32.99852430555555,32.79203559027778,0.2064887152777714,False
selective,0.6,16,selective_p0.6_r16,6,32.87404513888888,32.77836371527778,0.0956814236111043,False
selective,0.6,16,selective_p0.6_r16,7,33.1009765625,32.87599826388889,0.2249782986111128,False
selective,0.6,17,selective_p0.6_r17,0,32.85822482638889,32.641927083333336,0.2162977430555557,False
selective,0.6,17,selective_p0.6_r17,1,32.96812065972222,32.800846354166666,0.1672743055555514,False
selective,0.6,17,selective_p0.6_r17,2,33.03172743055555,32.80023871527778,0.23148871527777,False
selective,0.6,17,selective_p0.6_r17,3,33.03645833333334,32.81861979166666,0.2178385416666799,False
selective,0.6,17,selective_p0.6_r17,4,32.82000868055556,32.663107638888896,0.1569010416666643,False
selective,0.6,17,selective_p0.6_r17,5,32.94444444444444,32.82428385416667,0.12016059027777,False
selective,0.6,17,selective_p0.6_r17,6,32.912695312500006,32.79214409722222,0.1205512152777856,False
selective,0.6,17,selective_p0.6_r17,7,32.94568142361112,32.76228298611112,0.1833984375000028,False
selective,0.6,18,selective_p0.6_r18,0,32.96330295138889,32.87810329861111,0.0851996527777814,False
selective,0.6,18,selective_p0.6_r18,1,32.92526041666667,32.84407552083334,0.0811848958333243,False
selective,0.6,18,selective_p0.6_r18,2,32.846875,32.97115885416667,-0.1242838541666699,False
selective,0.6,18,selective_p0.6_r18,3,32.95683593750001,32.806857638888886,0.1499782986111242,False
selective,0.6,18,selective_p0.6_r18,4,32.99578993055556,32.76963975694445,0.22615017361111,False
selective,0.6,18,selective_p0.6_r18,5,33.0310763888889,32.728059895833326,0.3030164930555727,False
selective,0.6,18,selective_p0.6_r18,6,33.03708767361111,32.81050347222222,0.2265842013888885,False
selective,0.6,18,selective_p0.6_r18,7,32.96273871527777,32.767578125,0.1951605902777728,False
selective,0.6,19,selective_p0.6_r19,0,32.89511718749999,32.60896267361111,0.2861545138888814,False
selective,0.6,19,selective_p0.6_r19,1,32.97046440972222,32.80533854166668,0.16512586805554,False
selective,0.6,19,selective_p0.6_r19,2,33.016688368055554,32.68511284722222,0.3315755208333328,False
selective,0.6,19,selective_p0.6_r19,3,32.863498263888886,32.73331163194444,0.1301866319444471,False
selective,0.6,19,selective_p0.6_r19,4,32.91026475694444,32.88784722222223,0.0224175347222157,False
selective,0.6,19,selective_p0.6_r19,5,32.88394097222223,32.67358940972222,0.2103515625000085,False
selective,0.6,19,selective_p0.6_r19,6,33.16499565972222,33.04012586805555,0.1248697916666756,False
selective,0.6,19,selective_p0.6_r19,7,33.17814670138888,32.83120659722222,0.3469401041666629,False
selective,0.7,0,selective_p0.7_r00,0,33.09012586805555,32.947851562500006,0.1422743055555457,False
selective,0.7,0,selective_p0.7_r00,1,32.96148003472221,32.92725694444445,0.0342230902777558,False
selective,0.7,0,selective_p0.7_r00,2,33.06360677083333,32.77411024305555,0.2894965277777785,False
selective,0.7,0,selective_p0.7_r00,3,32.953884548611114,32.798589409722226,0.1552951388888885,False
selective,0.7,0,selective_p0.7_r00,4,32.833984375,32.63732638888889,0.1966579861111128,False
selective,0.7,0,selective_p0.7_r00,5,32.98524305555556,32.60724826388889,0.3779947916666657,False
selective,0.7,0,selective_p0.7_r00,6,33.00028211805555,32.83153211805555,0.1687500000000028,False
selective,0.7,0,selective_p0.7_r00,7,32.967382812500006,32.83854166666666,0.1288411458333485,False
selective,0.7,1,selective_p0.7_r01,0,32.9326171875,32.72612847222222,0.2064887152777785,False
selective,0.7,1,selective_p0.7_r01,1,33.221354166666664,32.905881076388894,0.31547309027777,False
selective,0.7,1,selective_p0.7_r01,2,32.99835069444444,32.6740234375,0.3243272569444428,False
selective,0.7,1,selective_p0.7_r01,3,32.9214626736111,32.75054253472223,0.1709201388888743,False
selective,0.7,1,selective_p0.7_r01,4,32.898871527777786,32.781467013888886,0.1174045138888999,False
selective,0.7,1,selective_p0.7_r01,5,33.08374565972222,32.950130208333334,0.1336154513888843,False
selective,0.7,1,selective_p0.7_r01,6,32.96601562499999,32.751302083333336,0.2147135416666543,False
selective,0.7,1,selective_p0.7_r01,7,32.97886284722223,32.75553385416667,0.2233289930555599,False
selective,0.7,2,selective_p0.7_r02,0,33.07584635416667,32.7787109375,0.29713541666667,False
selective,0.7,2,selective_p0.7_r02,1,33.03626302083333,32.84737413194444,0.18888888888889,False
selective,0.7,2,selective_p0.7_r02,2,32.93424479166667,32.73328993055556,0.2009548611111142,False
selective,0.7,2,selective_p0.7_r02,3,32.98216145833334,32.812955729166674,0.1692057291666628,False
selective,0.7,2,selective_p0.7_r02,4,33.021267361111114,32.79368489583333,0.2275824652777842,False
selective,0.7,2,selective_p0.7_r02,5,33.05303819444445,32.86104600694444,0.1919921875000056,False
selective,0.7,2,selective_p0.7_r02,6,33.05030381944445,32.819986979166664,0.2303168402777871,False
selective,0.7,2,selective_p0.7_r02,7,33.15629340277778,32.86773003472223,0.2885633680555486,False
selective,0.7,3,selective_p0.7_r03,0,33.21273871527777,32.77819010416667,0.4345486111111043,False
selective,0.7,3,selective_p0.7_r03,1,33.14175347222223,32.93276909722223,0.208984375,False
selective,0.7,3,selective_p0.7_r03,2,33.11000434027777,32.64841579861111,0.4615885416666572,False
selective,0.7,3,selective_p0.7_r03,3,32.95125868055556,32.65232204861112,0.2989366319444428,False
selective,0.7,3,selective_p0.7_r03,4,33.00407986111111,32.88279079861111,0.1212890624999971,False
selective,0.7,3,selective_p0.7_r03,5,32.94676649305556,32.82823350694444,0.1185329861111128,False
selective,0.7,3,selective_p0.7_r03,6,33.04724392361112,32.970160590277786,0.0770833333333342,False
selective,0.7,3,selective_p0.7_r03,7,32.9712890625,32.85314670138889,0.1181423611111114,False
selective,0.7,4,selective_p0.7_r04,0,33.073046875,32.67558593750001,0.3974609374999929,False
selective,0.7,4,selective_p0.7_r04,1,33.15347222222222,32.95047743055556,0.2029947916666614,False
selective,0.7,4,selective_p0.7_r04,2,32.88743489583333,32.86874999999999,0.0186848958333385,False
selective,0.7,4,selective_p0.7_r04,3,33.08120659722223,32.730859375,0.3503472222222257,False
selective,0.7,4,selective_p0.7_r04,4,33.15789930555556,32.74555121527778,0.4123480902777814,False
selective,0.7,4,selective_p0.7_r04,5,32.96610243055556,32.954383680555566,0.0117187499999928,False
selective,0.7,4,selective_p0.7_r04,6,33.006749131944446,32.77243923611112,0.2343098958333271,False
selective,0.7,4,selective_p0.7_r04,7,32.84900173611112,32.72486979166668,0.1241319444444428,False
selective,0.7,5,selective_p0.7_r05,0,32.9076171875,32.68556857638888,0.2220486111111199,False
selective,0.7,5,selective_p0.7_r05,1,32.99225260416667,32.67727864583334,0.3149739583333328,False
selective,0.7,5,selective_p0.7_r05,2,33.105533854166666,33.00392795138889,0.1016059027777771,False
selective,0.7,5,selective_p0.7_r05,3,33.01069878472222,32.854861111111106,0.1558376736111171,False
selective,0.7,5,selective_p0.7_r05,4,33.25809461805556,33.00748697916667,0.2506076388888871,False
selective,0.7,5,selective_p0.7_r05,5,32.81959635416667,32.761284722222214,0.0583116319444556,False
selective,0.7,5,selective_p0.7_r05,6,33.11731770833333,32.83446180555555,0.2828559027777828,False
selective,0.7,5,selective_p0.7_r05,7,33.11673177083333,32.68739149305556,0.4293402777777757,False
selective,0.7,6,selective_p0.7_r06,0,32.803342013888894,32.91000434027778,-0.1066623263888857,False
selective,0.7,6,selective_p0.7_r06,1,32.96030815972222,32.79796006944444,0.1623480902777743,False
selective,0.7,6,selective_p0.7_r06,2,33.0359375,32.73224826388889,0.3036892361111114,False
selective,0.7,6,selective_p0.7_r06,3,32.95774739583333,32.8015842013889,0.1561631944444315,False
selective,0.7,6,selective_p0.7_r06,4,32.88993055555555,32.777712673611106,0.1122178819444457,False
selective,0.7,6,selective_p0.7_r06,5,33.16957465277778,32.73411458333333,0.4354600694444528,False
selective,0.7,6,selective_p0.7_r06,6,32.98428819444444,32.973394097222226,0.0108940972222129,False
selective,0.7,6,selective_p0.7_r06,7,32.93643663194444,32.87415364583333,0.0622829861111071,False
selective,0.7,7,selective_p0.7_r07,0,32.95473090277778,32.87721354166666,0.0775173611111199,False
selective,0.7,7,selective_p0.7_r07,1,33.109657118055544,32.97964409722222,0.1300130208333243,False
selective,0.7,7,selective_p0.7_r07,2,33.191384548611104,33.05720486111112,0.1341796874999872,False
selective,0.7,7,selective_p0.7_r07,3,32.89201388888889,32.69286024305556,0.1991536458333342,False
selective,0.7,7,selective_p0.7_r07,4,33.10711805555556,32.94153645833333,0.1655815972222285,False
selective,0.7,7,selective_p0.7_r07,5,33.03721788194444,32.78272569444445,0.2544921874999915,False
selective,0.7,7,selective_p0.7_r07,6,32.86380208333333,32.56091579861111,0.30288628472222,False
selective,0.7,7,selective_p0.7_r07,7,32.92311197916667,32.65876736111111,0.26434461805556,False
selective,0.7,8,selective_p0.7_r08,0,33.03081597222222,32.69184027777778,0.3389756944444428,False
selective,0.7,8,selective_p0.7_r08,1,33.09364149305556,32.85334201388889,0.2402994791666657,False
selective,0.7,8,selective_p0.7_r08,2,32.97508680555556,32.766818576388886,0.2082682291666699,False
selective,0.7,8,selective_p0.7_r08,3,33.13283420138889,32.91258680555556,0.2202473958333328,False
selective,0.7,8,selective_p0.7_r08,4,33.00514322916666,32.838129340277774,0.1670138888888885,False
selective,0.7,8,selective_p0.7_r08,5,33.03237847222223,32.92836371527778,0.1040147569444442,False
selective,0.7,8,selective_p0.7_r08,6,32.935156250000006,32.823394097222234,0.1117621527777714,False
selective,0.7,8,selective_p0.7_r08,7,33.059375,32.937131076388894,0.1222439236111014,False
selective,0.7,9,selective_p0.7_r09,0,33.05047743055555,32.8400390625,0.2104383680555557,False
selective,0.7,9,selective_p0.7_r09,1,33.00416666666666,32.87684461805555,0.1273220486111128,False
selective,0.7,9,selective_p0.7_r09,2,32.99722222222223,32.80525173611111,0.1919704861111171,False
selective,0.7,9,selective_p0.7_r09,3,32.89685329861111,32.80581597222222,0.0910373263888928,False
selective,0.7,9,selective_p0.7_r09,4,32.98461371527779,32.98914930555557,-0.0045355902777828,False
selective,0.7,9,selective_p0.7_r09,5,33.09657118055556,32.9261935763889,0.17037760416666,False
selective,0.7,9,selective_p0.7_r09,6,32.94752604166668,32.84657118055556,0.1009548611111199,False
selective,0.7,9,selective_p0.7_r09,7,33.044835069444446,32.69229600694444,0.3525390625000071,False
selective,0.7,10,selective_p0.7_r10,0,33.047070312500004,32.661523437499994,0.3855468750000099,False
selective,0.7,10,selective_p0.7_r10,1,33.09978298611112,32.81545138888889,0.2843315972222342,False
selective,0.7,10,selective_p0.7_r10,2,32.95859375,32.76729600694445,0.19129774305555,False
selective,0.7,10,selective_p0.7_r10,3,33.03248697916668,32.67009548611112,0.3623914930555614,False
selective,0.7,10,selective_p0.7_r10,4,32.90381944444445,32.6474609375,0.2563585069444514,False
selective,0.7,10,selective_p0.7_r10,5,32.93669704861112,32.76304253472222,0.1736545138888985,False
selective,0.7,10,selective_p0.7_r10,6,33.07593315972222,32.92118055555555,0.1547526041666671,False
selective,0.7,10,selective_p0.7_r10,7,32.93956163194444,32.643207465277776,0.29635416666666,False
selective,0.7,11,selective_p0.7_r11,0,33.125260416666656,32.76280381944444,0.3624565972222129,False
selective,0.7,11,selective_p0.7_r11,1,33.069401041666666,32.87543402777777,0.1939670138888942,False
selective,0.7,11,selective_p0.7_r11,2,32.99431423611111,32.87137586805556,0.12293836805555,False
selective,0.7,11,selective_p0.7_r11,3,32.94837239583333,32.84205729166667,0.1063151041666614,False
selective,0.7,11,selective_p0.7_r11,4,33.15125868055556,32.797460937500006,0.3537977430555514,False
selective,0.7,11,selective_p0.7_r11,5,33.22584635416666,32.825130208333334,0.4007161458333286,False
selective,0.7,11,selective_p0.7_r11,6,32.90952690972223,32.87819010416668,0.0313368055555542,False
selective,0.7,11,selective_p0.7_r11,7,32.90559895833333,32.64522569444445,0.26037326388888,False
selective,0.7,12,selective_p0.7_r12,0,33.01903211805555,32.73875868055555,0.2802734375,False
selective,0.7,12,selective_p0.7_r12,1,32.86510416666667,32.64055989583333,0.2245442708333414,False
selective,0.7,12,selective_p0.7_r12,2,32.858463541666666,32.725065104166674,0.1333984374999914,False
selective,0.7,12,selective_p0.7_r12,3,33.18157552083333,32.93402777777778,0.2475477430555486,False
selective,0.7,12,selective_p0.7_r12,4,32.88344184027778,32.75234375,0.1310980902777814,False
selective,0.7,12,selective_p0.7_r12,5,32.956684027777776,32.81017795138888,0.1465060763888956,False
selective,0.7,12,selective_p0.7_r12,6,33.057378472222226,32.98637152777777,0.0710069444444556,False
selective,0.7,12,selective_p0.7_r12,7,32.92734375,32.956076388888896,-0.0287326388888971,False
selective,0.7,13,selective_p0.7_r13,0,33.239344618055554,32.95141059027778,0.2879340277777729,False
selective,0.7,13,selective_p0.7_r13,1,33.04691840277778,32.822200520833334,0.2247178819444428,False
selective,0.7,13,selective_p0.7_r13,2,33.07866753472222,32.87719184027778,0.20147569444444,False
selective,0.7,13,selective_p0.7_r13,3,33.204926215277766,32.82556423611111,0.3793619791666529,False
selective,0.7,13,selective_p0.7_r13,4,33.14791666666666,32.82078993055555,0.3271267361111114,False
selective,0.7,13,selective_p0.7_r13,5,33.14086371527778,32.81195746527778,0.3289062500000028,False
selective,0.7,13,selective_p0.7_r13,6,32.968836805555554,32.80651041666667,0.1623263888888857,False
selective,0.7,13,selective_p0.7_r13,7,33.05774739583333,32.80872395833333,0.2490234375,False
selective,0.7,14,selective_p0.7_r14,0,32.957226562500004,32.821354166666666,0.1358723958333385,False
selective,0.7,14,selective_p0.7_r14,1,33.11195746527778,32.86006944444444,0.2518880208333414,False
selective,0.7,14,selective_p0.7_r14,2,33.096896701388886,32.88209635416666,0.2148003472222228,False
selective,0.7,14,selective_p0.7_r14,3,32.85583767361112,32.649609375,0.2062282986111228,False
selective,0.7,14,selective_p0.7_r14,4,33.12805989583333,32.822265625,0.3057942708333314,False
selective,0.7,14,selective_p0.7_r14,5,33.231206597222226,32.83318142361112,0.39802517361111,False
selective,0.7,14,selective_p0.7_r14,6,33.09891493055556,32.74986979166667,0.34904513888889,False
selective,0.7,14,selective_p0.7_r14,7,33.14006076388889,32.706445312499994,0.4336154513888957,False
selective,0.7,15,selective_p0.7_r15,0,32.88713107638889,32.64561631944444,0.2415147569444471,False
selective,0.7,15,selective_p0.7_r15,1,33.052061631944454,32.77571614583334,0.2763454861111114,False
selective,0.7,15,selective_p0.7_r15,2,32.89014756944445,32.90301649305555,-0.0128689236111014,False
selective,0.7,15,selective_p0.7_r15,3,32.94029947916667,32.626367187499994,0.3139322916666742,False
selective,0.7,15,selective_p0.7_r15,4,32.993381076388886,32.76946614583333,0.2239149305555585,False
selective,0.7,15,selective_p0.7_r15,5,33.17645399305556,32.77495659722222,0.4014973958333385,False
selective,0.7,15,selective_p0.7_r15,6,32.842122395833336,32.683658854166666,0.1584635416666699,False
selective,0.7,15,selective_p0.7_r15,7,33.05920138888889,32.836154513888886,0.2230468750000014,False
selective,0.7,16,selective_p0.7_r16,0,32.88480902777778,32.86312934027778,0.0216796874999971,False
selective,0.7,16,selective_p0.7_r16,1,33.17356770833332,32.8603515625,0.3132161458333229,False
selective,0.7,16,selective_p0.7_r16,2,33.22343750000002,32.930707465277784,0.2927300347222328,False
selective,0.7,16,selective_p0.7_r16,3,33.132725694444446,32.83719618055556,0.2955295138888871,False
selective,0.7,16,selective_p0.7_r16,4,33.089105902777774,32.7650173611111,0.3240885416666756,False
selective,0.7,16,selective_p0.7_r16,5,33.077061631944446,32.8246310763889,0.2524305555555486,False
selective,0.7,16,selective_p0.7_r16,6,32.96983506944444,32.76629774305556,0.2035373263888829,False
selective,0.7,16,selective_p0.7_r16,7,33.101236979166664,32.800629340277766,0.3006076388888985,False
selective,0.7,17,selective_p0.7_r17,0,33.03684895833334,32.75881076388889,0.2780381944444485,False
selective,0.7,17,selective_p0.7_r17,1,32.98537326388889,32.77463107638889,0.2107421874999957,False
selective,0.7,17,selective_p0.7_r17,2,33.09205729166667,32.72380642361111,0.3682508680555614,False
selective,0.7,17,selective_p0.7_r17,3,32.99965277777778,32.9642578125,0.0353949652777814,False
selective,0.7,17,selective_p0.7_r17,4,32.817968750000006,32.79587673611111,0.0220920138888942,False
selective,0.7,17,selective_p0.7_r17,5,33.01840277777777,32.7966796875,0.22172309027777,False
selective,0.7,17,selective_p0.7_r17,6,32.92087673611111,32.77200520833333,0.1488715277777785,False
selective,0.7,17,selective_p0.7_r17,7,32.84416232638888,32.735329861111126,0.1088324652777572,False
selective,0.7,18,selective_p0.7_r18,0,33.15646701388889,32.77957899305556,0.3768880208333343,False
selective,0.7,18,selective_p0.7_r18,1,32.96751302083334,32.85852864583333,0.1089843750000056,False
selective,0.7,18,selective_p0.7_r18,2,32.89042968750001,32.7876736111111,0.102756076388907,False
selective,0.7,18,selective_p0.7_r18,3,33.001323784722224,32.901866319444444,0.0994574652777799,False
selective,0.7,18,selective_p0.7_r18,4,32.98253038194444,32.77354600694444,0.2089843749999929,False
selective,0.7,18,selective_p0.7_r18,5,32.87766927083333,32.69140625,0.18626302083333,False
selective,0.7,18,selective_p0.7_r18,6,33.024609375,32.849023437499994,0.1755859375000028,False
selective,0.7,18,selective_p0.7_r18,7,32.95266927083333,32.7791015625,0.17356770833333,False
selective,0.7,19,selective_p0.7_r19,0,32.92842881944444,32.8248046875,0.1036241319444428,False
selective,0.7,19,selective_p0.7_r19,1,32.92465277777777,32.76351996527777,0.1611328125,False
selective,0.7,19,selective_p0.7_r19,2,32.94728732638889,32.69815538194444,0.2491319444444499,False
selective,0.7,19,selective_p0.7_r19,3,32.9222873263889,32.75946180555555,0.1628255208333442,False
selective,0.7,19,selective_p0.7_r19,4,32.94207899305555,32.91100260416667,0.0310763888888843,False
selective,0.7,19,selective_p0.7_r19,5,33.111675347222224,32.69097222222222,0.4207031250000028,False
selective,0.7,19,selective_p0.7_r19,6,33.21857638888889,32.830447048611106,0.3881293402777857,False
selective,0.7,19,selective_p0.7_r19,7,32.97000868055555,32.891210937500006,0.0787977430555457,False
selective,0.8,0,selective_p0.8_r00,0,32.8810546875,32.66514756944444,0.2159071180555543,False
selective,0.8,0,selective_p0.8_r00,1,33.12400173611111,33.06176215277779,0.0622395833333229,False
selective,0.8,0,selective_p0.8_r00,2,33.07263454861111,32.83548177083333,0.23715277777778,False
selective,0.8,0,selective_p0.8_r00,3,33.1619140625,32.80221354166666,0.3597005208333428,False
selective,0.8,0,selective_p0.8_r00,4,33.0501953125,32.95713975694444,0.0930555555555585,False
selective,0.8,0,selective_p0.8_r00,5,33.18626302083333,32.781684027777786,0.4045789930555443,False
selective,0.8,0,selective_p0.8_r00,6,32.93346354166666,32.9431640625,-0.0097005208333342,False
selective,0.8,0,selective_p0.8_r00,7,33.05013020833334,32.78721788194444,0.2629123263888999,False
selective,0.8,1,selective_p0.8_r01,0,33.16844618055556,33.07886284722222,0.0895833333333371,False
selective,0.8,1,selective_p0.8_r01,1,33.21673177083332,32.94008246527778,0.2766493055555372,False
selective,0.8,1,selective_p0.8_r01,2,33.34470486111111,32.73815104166667,0.6065538194444429,False
selective,0.8,1,selective_p0.8_r01,3,33.364344618055554,32.758398437500006,0.6059461805555486,False
selective,0.8,1,selective_p0.8_r01,4,33.18652343749999,33.019422743055564,0.1671006944444286,False
selective,0.8,1,selective_p0.8_r01,5,33.21221788194445,32.953363715277774,0.2588541666666728,False
selective,0.8,1,selective_p0.8_r01,6,32.995724826388894,32.845724826388896,0.1499999999999985,False
selective,0.8,1,selective_p0.8_r01,7,33.445399305555554,33.03522135416667,0.4101779513888814,False
selective,0.8,2,selective_p0.8_r02,0,33.124978298611126,32.8701171875,0.2548611111111256,False
selective,0.8,2,selective_p0.8_r02,1,33.301888020833324,32.85881076388889,0.4430772569444343,False
selective,0.8,2,selective_p0.8_r02,2,33.075130208333334,32.89225260416667,0.1828776041666628,False
selective,0.8,2,selective_p0.8_r02,3,33.13960503472222,32.989691840277786,0.1499131944444371,False
selective,0.8,2,selective_p0.8_r02,4,33.253016493055554,32.762478298611114,0.49053819444444,False
selective,0.8,2,selective_p0.8_r02,5,33.25308159722222,33.04051649305556,0.2125651041666643,False
selective,0.8,2,selective_p0.8_r02,6,33.06833767361111,32.74548611111112,0.3228515624999915,False
selective,0.8,2,selective_p0.8_r02,7,33.44624565972222,33.01421440972223,0.4320312499999943,False
selective,0.8,3,selective_p0.8_r03,0,33.193402777777784,32.79819878472222,0.3952039930555671,False
selective,0.8,3,selective_p0.8_r03,1,33.10362413194444,32.758463541666664,0.3451605902777785,False
selective,0.8,3,selective_p0.8_r03,2,32.96115451388889,32.719249131944444,0.2419053819444485,False
selective,0.8,3,selective_p0.8_r03,3,33.32293836805555,32.89748263888888,0.4254557291666714,False
selective,0.8,3,selective_p0.8_r03,4,33.36714409722222,33.031640624999994,0.3355034722222285,False
selective,0.8,3,selective_p0.8_r03,5,33.07927517361112,32.87413194444444,0.2051432291666728,False
selective,0.8,3,selective_p0.8_r03,6,33.07478298611111,32.79118923611112,0.2835937499999943,False
selective,0.8,3,selective_p0.8_r03,7,33.129730902777766,32.95310329861112,0.1766276041666472,False
selective,0.8,4,selective_p0.8_r04,0,33.01970486111111,32.71927083333333,0.3004340277777757,False
selective,0.8,4,selective_p0.8_r04,1,33.04203559027777,32.82619357638889,0.2158420138888814,False
selective,0.8,4,selective_p0.8_r04,2,33.40568576388888,33.15653211805555,0.2491536458333314,False
selective,0.8,4,selective_p0.8_r04,3,32.97868923611111,32.808615451388874,0.1700737847222342,False
selective,0.8,4,selective_p0.8_r04,4,32.92026909722222,32.65609809027777,0.2641710069444443,False
selective,0.8,4,selective_p0.8_r04,5,33.05657552083332,32.71163194444444,0.3449435763888786,False
selective,0.8,4,selective_p0.8_r04,6,33.21614583333334,32.81944444444445,0.3967013888888928,False
selective,0.8,4,selective_p0.8_r04,7,33.03394097222221,33.0209201388889,0.0130208333333143,False
selective,0.8,5,selective_p0.8_r05,0,32.98621961805556,32.901453993055554,0.0847656250000028,False
selective,0.8,5,selective_p0.8_r05,1,33.2392578125,32.901757812499994,0.3375000000000057,False
selective,0.8,5,selective_p0.8_r05,2,33.247981770833334,32.81115451388889,0.4368272569444471,False
selective,0.8,5,selective_p0.8_r05,3,33.215603298611114,32.81953125,0.3960720486111171,False
selective,0.8,5,selective_p0.8_r05,4,32.91004774305556,32.57899305555555,0.3310546875000071,False
selective,0.8,5,selective_p0.8_r05,5,33.15054253472223,32.816992187500006,0.3335503472222214,False
selective,0.8,5,selective_p0.8_r05,6,33.21432291666666,33.023524305555554,0.1907986111111057,False
selective,0.8,5,selective_p0.8_r05,7,33.04487847222222,32.698849826388894,0.3460286458333286,False
selective,0.8,6,selective_p0.8_r06,0,33.14657118055555,32.93190104166666,0.2146701388888843,False
selective,0.8,6,selective_p0.8_r06,1,33.08053385416667,32.82222222222222,0.2583116319444443,False
selective,0.8,6,selective_p0.8_r06,2,32.93489583333334,32.84472656249999,0.0901692708333499,False
selective,0.8,6,selective_p0.8_r06,3,33.09680989583333,32.73005642361111,0.3667534722222214,False
selective,0.8,6,selective_p0.8_r06,4,32.88502604166666,32.79483506944444,0.0901909722222242,False
selective,0.8,6,selective_p0.8_r06,5,33.20887586805556,32.806553819444446,0.4023220486111114,False
selective,0.8,6,selective_p0.8_r06,6,33.055186631944444,32.8168185763889,0.2383680555555472,False
selective,0.8,6,selective_p0.8_r06,7,33.08934461805556,32.6861328125,0.4032118055555571,False
selective,0.8,7,selective_p0.8_r07,0,33.20203993055555,32.94223090277777,0.2598090277777771,False
selective,0.8,7,selective_p0.8_r07,1,32.976345486111114,32.692274305555564,0.28407118055555,False
selective,0.8,7,selective_p0.8_r07,2,33.223828125000004,32.731119791666664,0.4927083333333399,False
selective,0.8,7,selective_p0.8_r07,3,32.901714409722224,32.81265190972222,0.0890625000000042,False
selective,0.8,7,selective_p0.8_r07,4,33.04320746527778,32.852365451388884,0.1908420138888971,False
selective,0.8,7,selective_p0.8_r07,5,32.986848958333326,32.79127604166668,0.1955729166666486,False
selective,0.8,7,selective_p0.8_r07,6,33.21297743055556,32.70047743055555,0.51250000000001,False
selective,0.8,7,selective_p0.8_r07,7,33.1509765625,32.99496527777777,0.1560112847222257,False
selective,0.8,8,selective_p0.8_r08,0,33.18990885416666,32.6517361111111,0.5381727430555614,False
selective,0.8,8,selective_p0.8_r08,1,33.34973958333333,32.878146701388886,0.4715928819444457,False
selective,0.8,8,selective_p0.8_r08,2,33.21245659722222,32.65230034722222,0.5601562499999986,False
selective,0.8,8,selective_p0.8_r08,3,33.17005208333333,32.84741753472222,0.3226345486111128,False
selective,0.8,8,selective_p0.8_r08,4,33.05203993055555,32.89348958333333,0.1585503472222242,False
selective,0.8,8,selective_p0.8_r08,5,33.248828125,32.627148437500004,0.6216796874999986,False
selective,0.8,8,selective_p0.8_r08,6,33.13895399305556,32.78988715277778,0.3490668402777785,False
selective,0.8,8,selective_p0.8_r08,7,33.07816840277778,32.766514756944446,0.3116536458333314,False
selective,0.8,9,selective_p0.8_r09,0,33.09685329861112,32.53248697916666,0.5643663194444528,False
selective,0.8,9,selective_p0.8_r09,1,33.15718315972222,32.83997395833333,0.3172092013888914,False
selective,0.8,9,selective_p0.8_r09,2,32.97278645833333,32.81414930555556,0.1586371527777714,False
selective,0.8,9,selective_p0.8_r09,3,33.3744140625,32.670312499999994,0.7041015625000071,False
selective,0.8,9,selective_p0.8_r09,4,33.1662109375,32.844509548611114,0.3217013888888829,False
selective,0.8,9,selective_p0.8_r09,5,33.270117187500006,32.74752604166667,0.5225911458333385,False
selective,0.8,9,selective_p0.8_r09,6,32.98350694444444,32.913671875,0.0698350694444371,False
selective,0.8,9,selective_p0.8_r09,7,33.02703993055556,32.69463975694444,0.3324001736111199,False
selective,0.8,10,selective_p0.8_r10,0,33.37135416666667,32.86625434027778,0.5050998263888928,False
selective,0.8,10,selective_p0.8_r10,1,33.12287326388889,32.811848958333336,0.3110243055555557,False
selective,0.8,10,selective_p0.8_r10,2,33.01410590277778,32.82732204861112,0.1867838541666628,False
selective,0.8,10,selective_p0.8_r10,3,33.00143229166666,32.60625,0.3951822916666572,False
selective,0.8,10,selective_p0.8_r10,4,33.246484375,32.82354600694444,0.4229383680555614,False
selective,0.8,10,selective_p0.8_r10,5,33.38105468749999,32.71809895833334,0.6629557291666472,False
selective,0.8,10,selective_p0.8_r10,6,33.14887152777778,32.65119357638889,0.4976779513888871,False
selective,0.8,10,selective_p0.8_r10,7,33.36354166666668,32.83159722222222,0.5319444444444557,False
selective,0.8,11,selective_p0.8_r11,0,33.173133680555544,32.7855685763889,0.3875651041666472,False
selective,0.8,11,selective_p0.8_r11,1,33.45874565972222,32.89114583333334,0.5675998263888786,False
selective,0.8,11,selective_p0.8_r11,2,33.32654079861112,33.04216579861112,0.2843750000000042,False
selective,0.8,11,selective_p0.8_r11,3,33.07957899305556,32.98125,0.0983289930555528,False
selective,0.8,11,selective_p0.8_r11,4,33.25434027777777,32.857313368055564,0.3970269097222072,False
selective,0.8,11,selective_p0.8_r11,5,33.238368055555554,32.854557291666666,0.3838107638888886,False
selective,0.8,11,selective_p0.8_r11,6,33.27233072916667,32.79611545138889,0.4762152777777757,False
selective,0.8,11,selective_p0.8_r11,7,33.099023437499994,32.813823784722224,0.28519965277777,False
selective,0.8,12,selective_p0.8_r12,0,33.188845486111106,32.90601128472222,0.2828342013888871,False
selective,0.8,12,selective_p0.8_r12,1,33.13869357638889,32.760807291666666,0.3778862847222228,False
selective,0.8,12,selective_p0.8_r12,2,33.12973090277777,32.80954861111111,0.3201822916666614,False
selective,0.8,12,selective_p0.8_r12,3,33.24427083333333,32.88682725694444,0.3574435763888886,False
selective,0.8,12,selective_p0.8_r12,4,33.36243489583333,32.88307291666667,0.4793619791666614,False
selective,0.8,12,selective_p0.8_r12,5,32.893880208333336,33.02886284722221,-0.1349826388888715,False
selective,0.8,12,selective_p0.8_r12,6,32.960308159722224,32.79203559027778,0.1682725694444471,False
selective,0.8,12,selective_p0.8_r12,7,33.07615017361111,32.968120659722224,0.1080295138888871,False
selective,0.8,13,selective_p0.8_r13,0,33.20568576388889,32.788953993055564,0.4167317708333229,False
selective,0.8,13,selective_p0.8_r13,1,33.15364583333333,32.816775173611106,0.3368706597222228,False
selective,0.8,13,selective_p0.8_r13,2,33.09368489583334,32.68663194444445,0.4070529513888914,False
selective,0.8,13,selective_p0.8_r13,3,33.11564670138889,32.86497395833333,0.25067274305556,False
selective,0.8,13,selective_p0.8_r13,4,33.11688368055555,32.73383246527778,0.3830512152777743,False
selective,0.8,13,selective_p0.8_r13,5,33.09639756944445,32.79383680555556,0.3025607638888914,False
selective,0.8,13,selective_p0.8_r13,6,33.17721354166666,32.73758680555556,0.4396267361111015,False
selective,0.8,13,selective_p0.8_r13,7,33.14253472222222,32.82057291666667,0.3219618055555528,False
selective,0.8,14,selective_p0.8_r14,0,33.26608072916667,32.773763020833336,0.4923177083333314,False
selective,0.8,14,selective_p0.8_r14,1,33.13250868055556,32.876041666666666,0.2564670138888942,False
selective,0.8,14,selective_p0.8_r14,2,33.073763020833326,32.82267795138889,0.2510850694444357,False
selective,0.8,14,selective_p0.8_r14,3,32.95060763888888,33.01371527777778,-0.0631076388888942,False
selective,0.8,14,selective_p0.8_r14,4,33.13982204861112,32.92432725694445,0.2154947916666643,False
selective,0.8,14,selective_p0.8_r14,5,33.2566623263889,32.95902777777778,0.2976345486111214,False
selective,0.8,14,selective_p0.8_r14,6,33.25570746527777,32.68289930555556,0.5728081597222143,False
selective,0.8,14,selective_p0.8_r14,7,33.24661458333333,32.90264756944444,0.3439670138888928,False
selective,0.8,15,selective_p0.8_r15,0,33.0326388888889,32.884331597222214,0.1483072916666827,False
selective,0.8,15,selective_p0.8_r15,1,33.20284288194445,33.02063802083333,0.1822048611111171,False
selective,0.8,15,selective_p0.8_r15,2,33.16922743055556,32.943793402777786,0.2254340277777728,False
selective,0.8,15,selective_p0.8_r15,3,33.01022135416666,32.87925347222223,0.1309678819444286,False
selective,0.8,15,selective_p0.8_r15,4,33.053385416666664,32.69737413194444,0.3560112847222214,False
selective,0.8,15,selective_p0.8_r15,5,33.163736979166664,32.90748697916667,0.2562499999999943,False
selective,0.8,15,selective_p0.8_r15,6,33.10659722222223,32.83498263888888,0.2716145833333456,False
selective,0.8,15,selective_p0.8_r15,7,33.226497395833334,32.71740451388889,0.5090928819444471,False
selective,0.8,16,selective_p0.8_r16,0,33.17430555555555,32.985134548611114,0.1891710069444343,False
selective,0.8,16,selective_p0.8_r16,1,33.1533203125,33.0083984375,0.1449218750000014,False
selective,0.8,16,selective_p0.8_r16,2,33.101605902777784,32.747721354166664,0.3538845486111199,False
selective,0.8,16,selective_p0.8_r16,3,33.28155381944445,32.77799479166666,0.5035590277777899,False
selective,0.8,16,selective_p0.8_r16,4,33.10128038194445,32.828515624999994,0.2727647569444542,False
selective,0.8,16,selective_p0.8_r16,5,32.99841579861111,32.8943359375,0.10407986111111,False
selective,0.8,16,selective_p0.8_r16,6,33.358007812500006,32.86649305555556,0.4915147569444471,False
selective,0.8,16,selective_p0.8_r16,7,32.98461371527779,32.711024305555554,0.2735894097222342,False
selective,0.8,17,selective_p0.8_r17,0,33.223046874999994,32.77098524305556,0.4520616319444386,False
selective,0.8,17,selective_p0.8_r17,1,33.211588541666664,32.83802083333333,0.3735677083333328,False
selective,0.8,17,selective_p0.8_r17,2,32.90555555555556,32.82343749999999,0.0821180555555685,False
selective,0.8,17,selective_p0.8_r17,3,33.456944444444446,32.625,0.8319444444444457,False
selective,0.8,17,selective_p0.8_r17,4,33.08897569444445,32.62983940972222,0.4591362847222271,False
selective,0.8,17,selective_p0.8_r17,5,33.33630642361111,33.071723090277786,0.2645833333333272,False
selective,0.8,17,selective_p0.8_r17,6,33.110937500000006,32.788736979166664,0.3222005208333414,False
selective,0.8,17,selective_p0.8_r17,7,33.17888454861112,32.79322916666666,0.3856553819444528,False
selective,0.8,18,selective_p0.8_r18,0,33.188259548611114,32.7689453125,0.4193142361111128,False
selective,0.8,18,selective_p0.8_r18,1,33.32671440972222,32.81868489583332,0.5080295138888999,False
selective,0.8,18,selective_p0.8_r18,2,33.04021267361111,32.73663194444444,0.3035807291666685,False
selective,0.8,18,selective_p0.8_r18,3,33.24802517361111,32.86493055555556,0.3830946180555514,False
selective,0.8,18,selective_p0.8_r18,4,32.93396267361111,32.75182291666667,0.1821397569444443,False
selective,0.8,18,selective_p0.8_r18,5,33.169748263888884,32.93726128472222,0.2324869791666657,False
selective,0.8,18,selective_p0.8_r18,6,32.96773003472222,32.834331597222224,0.1333984374999985,False
selective,0.8,18,selective_p0.8_r18,7,33.26378038194445,32.968663194444446,0.2951171875000042,False
selective,0.8,19,selective_p0.8_r19,0,32.90347222222223,32.74487847222222,0.1585937500000085,False
selective,0.8,19,selective_p0.8_r19,1,33.044856770833334,32.72862413194444,0.3162326388888985,False
selective,0.8,19,selective_p0.8_r19,2,33.071679687499994,33.026757812499994,0.044921875,False
selective,0.8,19,selective_p0.8_r19,3,32.96345486111112,32.91391059027777,0.0495442708333442,False
selective,0.8,19,selective_p0.8_r19,4,33.16328125,32.76152343750001,0.4017578124999872,False
selective,0.8,19,selective_p0.8_r19,5,33.01497395833333,33.06788194444445,-0.0529079861111227,False
selective,0.8,19,selective_p0.8_r19,6,33.06697048611111,32.79943576388889,0.2675347222222228,False
selective,0.8,19,selective_p0.8_r19,7,33.08745659722222,32.6708984375,0.4165581597222214,False
selective,0.9,0,selective_p0.9_r00,0,34.12306857638889,33.40414496527777,0.7189236111111157,False
selective,0.9,0,selective_p0.9_r00,1,33.96514756944444,33.53248697916666,0.4326605902777771,False
selective,0.9,0,selective_p0.9_r00,2,34.13068576388889,33.5826171875,0.5480685763888928,False
selective,0.9,0,selective_p0.9_r00,3,33.81180555555555,33.16228298611112,0.6495225694444358,False
selective,0.9,0,selective_p0.9_r00,4,33.949153645833334,33.30848524305556,0.6406684027777771,False
selective,0.9,0,selective_p0.9_r00,5,34.63719618055556,33.4513671875,1.1858289930555586,False
selective,0.9,0,selective_p0.9_r00,6,33.99385850694445,32.7466796875,1.24717881944445,False
selective,0.9,0,selective_p0.9_r00,7,34.05121527777777,33.135134548611106,0.9160807291666656,False
selective,0.9,1,selective_p0.9_r01,0,33.57953559027778,33.05809461805556,0.5214409722222229,False
selective,0.9,1,selective_p0.9_r01,1,34.15857204861111,32.96592881944444,1.19264322916667,False
selective,0.9,1,selective_p0.9_r01,2,33.52398003472222,32.72934027777778,0.7946397569444414,False
selective,0.9,1,selective_p0.9_r01,3,33.76273871527778,32.56736111111111,1.1953776041666655,False
selective,0.9,1,selective_p0.9_r01,4,33.999262152777774,33.02306857638889,0.9761935763888872,False
selective,0.9,1,selective_p0.9_r01,5,33.737977430555546,33.468663194444446,0.2693142361111,False
selective,0.9,1,selective_p0.9_r01,6,34.21082899305556,32.82634548611111,1.3844835069444483,False
selective,0.9,1,selective_p0.9_r01,7,33.54333767361111,33.39001736111112,0.1533203124999929,False
selective,0.9,2,selective_p0.9_r02,0,33.442751736111106,32.33465711805555,1.1080946180555529,False
selective,0.9,2,selective_p0.9_r02,1,33.83205295138889,32.85060763888888,0.9814453125000072,False
selective,0.9,2,selective_p0.9_r02,2,33.71714409722222,32.76046006944444,0.9566840277777756,False
selective,0.9,2,selective_p0.9_r02,3,33.462565104166664,32.824869791666664,0.6376953125,False
selective,0.9,2,selective_p0.9_r02,4,33.716688368055564,32.934960937499994,0.7817274305555699,False
selective,0.9,2,selective_p0.9_r02,5,33.458159722222234,33.16308593750001,0.2950737847222271,False
selective,0.9,2,selective_p0.9_r02,6,33.79585503472222,32.93148871527777,0.86436631944445,False
selective,0.9,2,selective_p0.9_r02,7,33.425000000000004,32.657161458333334,0.76783854166667,False
selective,0.9,3,selective_p0.9_r03,0,33.503255208333336,32.838281249999994,0.6649739583333414,False
selective,0.9,3,selective_p0.9_r03,1,33.524479166666666,32.86796875000001,0.6565104166666558,False
selective,0.9,3,selective_p0.9_r03,2,33.48233506944445,32.963216145833336,0.5191189236111171,False
selective,0.9,3,selective_p0.9_r03,3,33.59253472222222,33.06043836805556,0.5320963541666615,False
selective,0.9,3,selective_p0.9_r03,4,33.384179687499994,33.13921440972222,0.2449652777777728,False
selective,0.9,3,selective_p0.9_r03,5,33.59774305555555,32.62875434027778,0.9689887152777672,False
selective,0.9,3,selective_p0.9_r03,6,33.44921875,32.63745659722222,0.8117621527777814,False
selective,0.9,3,selective_p0.9_r03,7,33.34641927083333,32.82458767361111,0.5218315972222172,False
selective,0.9,4,selective_p0.9_r04,0,33.656467013888886,33.024609375000004,0.6318576388888815,False
selective,0.9,4,selective_p0.9_r04,1,34.00633680555556,33.023676215277774,0.9826605902777884,False
selective,0.9,4,selective_p0.9_r04,2,33.92662760416666,33.08307291666666,0.8435546875000028,False
selective,0.9,4,selective_p0.9_r04,3,33.54398871527778,33.11623263888889,0.4277560763888886,False
selective,0.9,4,selective_p0.9_r04,4,33.692404513888896,32.73871527777777,0.9536892361111242,False
selective,0.9,4,selective_p0.9_r04,5,34.09891493055556,32.792599826388894,1.3063151041666643,False
selective,0.9,4,selective_p0.9_r04,6,33.69529079861111,33.531184895833334,0.1641059027777771,False
selective,0.9,4,selective_p0.9_r04,7,33.7281032986111,33.25781249999999,0.47029079861111,False
selective,0.9,5,selective_p0.9_r05,0,33.807400173611114,32.26649305555556,1.5409071180555571,False
selective,0.9,5,selective_p0.9_r05,1,34.17925347222222,33.23702256944444,0.94223090277778,False
selective,0.9,5,selective_p0.9_r05,2,33.81786024305556,33.577756076388894,0.2401041666666614,False
selective,0.9,5,selective_p0.9_r05,3,33.81842447916667,33.05247395833334,0.7659505208333357,False
selective,0.9,5,selective_p0.9_r05,4,34.00987413194444,33.225976562499994,0.7838975694444414,False
selective,0.9,5,selective_p0.9_r05,5,33.66569010416668,33.501432291666674,0.1642578125000042,False
selective,0.9,5,selective_p0.9_r05,6,33.94403211805556,32.92311197916667,1.02092013888889,False
selective,0.9,5,selective_p0.9_r05,7,33.447764756944444,32.95789930555556,0.4898654513888871,False
selective,0.9,6,selective_p0.9_r06,0,33.35438368055556,33.23830295138889,0.1160807291666685,False
selective,0.9,6,selective_p0.9_r06,1,33.20611979166667,32.91942274305556,0.2866970486111171,False
selective,0.9,6,selective_p0.9_r06,2,33.50648871527777,33.19190538194444,0.3145833333333314,False
selective,0.9,6,selective_p0.9_r06,3,33.37612847222223,32.96362847222222,0.4125000000000085,False
selective,0.9,6,selective_p0.9_r06,4,33.33665364583333,32.92586805555556,0.4107855902777686,False
selective,0.9,6,selective_p0.9_r06,5,33.31334635416667,33.02269965277778,0.2906467013888871,False
selective,0.9,6,selective_p0.9_r06,6,33.655208333333334,33.01549479166667,0.6397135416666657,False
selective,0.9,6,selective_p0.9_r06,7,33.50065104166667,32.51749131944445,0.9831597222222186,False
selective,0.9,7,selective_p0.9_r07,0,33.75607638888889,33.16929253472223,0.5867838541666615,False
selective,0.9,7,selective_p0.9_r07,1,33.710720486111114,33.657052951388884,0.0536675347222299,False
selective,0.9,7,selective_p0.9_r07,2,34.86651475694444,33.11384548611111,1.75266927083333,False
selective,0.9,7,selective_p0.9_r07,3,33.819552951388886,33.33637152777778,0.4831814236111071,False
selective,0.9,7,selective_p0.9_r07,4,33.43207465277777,32.64854600694444,0.7835286458333357,False
selective,0.9,7,selective_p0.9_r07,5,33.9197265625,32.43598090277778,1.4837456597222245,False
selective,0.9,7,selective_p0.9_r07,6,34.04286024305555,33.25501302083333,0.7878472222222186,False
selective,0.9,7,selective_p0.9_r07,7,33.67434895833334,32.69184027777778,0.9825086805555614,False
selective,0.9,8,selective_p0.9_r08,0,33.47641059027777,32.98637152777778,0.4900390624999957,False
selective,0.9,8,selective_p0.9_r08,1,34.04592013888889,32.885199652777786,1.160720486111103,False
selective,0.9,8,selective_p0.9_r08,2,33.7744140625,32.90492621527777,0.8694878472222314,False
selective,0.9,8,selective_p0.9_r08,3,33.39468315972222,32.90768229166666,0.48700086805556,False
selective,0.9,8,selective_p0.9_r08,4,33.5845703125,32.97178819444444,0.6127821180555557,False
selective,0.9,8,selective_p0.9_r08,5,34.29032118055556,32.907074652777766,1.3832465277777928,False
selective,0.9,8,selective_p0.9_r08,6,33.76829427083334,33.04394531249999,0.7243489583333442,False
selective,0.9,8,selective_p0.9_r08,7,33.9392578125,33.202365451388886,0.7368923611111171,False
selective,0.9,9,selective_p0.9_r09,0,33.628016493055554,32.6908203125,0.9371961805555528,False
selective,0.9,9,selective_p0.9_r09,1,33.39815538194444,32.81399739583333,0.5841579861111086,False
selective,0.9,9,selective_p0.9_r09,2,33.09012586805555,32.97784288194445,0.1122829861111043,False
selective,0.9,9,selective_p0.9_r09,3,33.685872395833336,33.03550347222221,0.6503689236111256,False
selective,0.9,9,selective_p0.9_r09,4,33.030490451388886,32.95078125,0.0797092013888871,False
selective,0.9,9,selective_p0.9_r09,5,33.592664930555564,33.01059027777779,0.5820746527777771,False
selective,0.9,9,selective_p0.9_r09,6,33.075629340277786,33.08168402777778,-0.0060546874999971,False
selective,0.9,9,selective_p0.9_r09,7,33.662760416666664,32.77217881944444,0.8905815972222229,False
selective,0.9,10,selective_p0.9_r10,0,33.55386284722222,33.08958333333334,0.4642795138888829,False
selective,0.9,10,selective_p0.9_r10,1,34.2986328125,33.181640625,1.1169921875000028,False
selective,0.9,10,selective_p0.9_r10,2,33.69893663194445,33.11673177083333,0.5822048611111157,False
selective,0.9,10,selective_p0.9_r10,3,33.81121961805556,33.04249131944445,0.7687282986111086,False
selective,0.9,10,selective_p0.9_r10,4,33.990559895833336,33.085720486111114,0.9048394097222214,False
selective,0.9,10,selective_p0.9_r10,5,33.59624565972222,32.96286892361111,0.63337673611111,False
selective,0.9,10,selective_p0.9_r10,6,33.45451388888889,32.70972222222222,0.7447916666666714,False
selective,0.9,10,selective_p0.9_r10,7,33.61638454861111,32.71486545138888,0.9015190972222272,False
selective,0.9,11,selective_p0.9_r11,0,33.35405815972222,32.685742187500004,0.6683159722222172,False
selective,0.9,11,selective_p0.9_r11,1,33.630642361111114,32.23062065972223,1.4000217013888872,False
selective,0.9,11,selective_p0.9_r11,2,34.08569878472222,33.1888454861111,0.89685329861112,False
selective,0.9,11,selective_p0.9_r11,3,33.71582031249999,33.197026909722226,0.5187934027777672,False
selective,0.9,11,selective_p0.9_r11,4,33.27996961805556,32.77467447916667,0.50529513888889,False
selective,0.9,11,selective_p0.9_r11,5,33.38671875,32.86143663194444,0.5252821180555642,False
selective,0.9,11,selective_p0.9_r11,6,33.32710503472222,32.95167100694445,0.3754340277777714,False
selective,0.9,11,selective_p0.9_r11,7,33.880490451388894,33.10737847222222,0.7731119791666714,False
selective,0.9,12,selective_p0.9_r12,0,33.69184027777778,33.27185329861112,0.4199869791666586,False
selective,0.9,12,selective_p0.9_r12,1,33.81905381944445,33.00894097222223,0.8101128472222214,False
selective,0.9,12,selective_p0.9_r12,2,33.33233506944444,33.03710937500001,0.2952256944444329,False
selective,0.9,12,selective_p0.9_r12,3,33.643337673611114,33.103884548611106,0.5394531250000085,False
selective,0.9,12,selective_p0.9_r12,4,33.76002604166666,32.59552951388888,1.1644965277777857,False
selective,0.9,12,selective_p0.9_r12,5,33.35418836805556,32.78289930555556,0.5712890625,False
selective,0.9,12,selective_p0.9_r12,6,33.671245659722224,33.17799479166666,0.4932508680555614,False
selective,0.9,12,selective_p0.9_r12,7,33.260112847222224,33.095073784722224,0.1650390625,False
selective,0.9,13,selective_p0.9_r13,0,33.366167534722216,33.01746961805556,0.3486979166666586,False
selective,0.9,13,selective_p0.9_r13,1,33.63526475694445,33.10043402777777,0.5348307291666785,False
selective,0.9,13,selective_p0.9_r13,2,34.75418836805556,33.32886284722221,1.425325520833347,False
selective,0.9,13,selective_p0.9_r13,3,33.83331163194445,33.42374131944444,0.4095703125000085,False
selective,0.9,13,selective_p0.9_r13,4,34.28318142361111,33.03389756944445,1.2492838541666629,False
selective,0.9,13,selective_p0.9_r13,5,34.470225694444444,33.01898871527777,1.4512369791666728,False
selective,0.9,13,selective_p0.9_r13,6,34.62628038194445,33.007226562499994,1.6190538194444528,False
selective,0.9,13,selective_p0.9_r13,7,34.38602430555556,32.8029296875,1.5830946180555614,False
selective,0.9,14,selective_p0.9_r14,0,33.44624565972222,33.51256510416667,-0.0663194444444457,False
selective,0.9,14,selective_p0.9_r14,1,34.14188368055556,32.75062934027778,1.3912543402777755,False
selective,0.9,14,selective_p0.9_r14,2,33.098459201388884,33.03294270833333,0.0655164930555542,False
selective,0.9,14,selective_p0.9_r14,3,33.27647569444444,32.549088541666656,0.7273871527777871,False
selective,0.9,14,selective_p0.9_r14,4,33.957118055555554,33.0004123263889,0.9567057291666572,False
selective,0.9,14,selective_p0.9_r14,5,33.88470052083334,33.13235677083333,0.7523437500000085,False
selective,0.9,14,selective_p0.9_r14,6,34.269444444444446,33.139257812500006,1.13018663194444,False
selective,0.9,14,selective_p0.9_r14,7,34.70062934027778,33.45184461805556,1.2487847222222186,False
selective,0.9,15,selective_p0.9_r15,0,33.33036024305555,32.64993489583334,0.6804253472222115,False
selective,0.9,15,selective_p0.9_r15,1,33.56453993055556,32.70483940972221,0.8597005208333499,False
selective,0.9,15,selective_p0.9_r15,2,33.47276475694444,32.45269097222222,1.0200737847222214,False
selective,0.9,15,selective_p0.9_r15,3,33.06408420138889,33.20149739583334,-0.1374131944444556,False
selective,0.9,15,selective_p0.9_r15,4,33.600911458333336,32.76688368055556,0.8340277777777771,False
selective,0.9,15,selective_p0.9_r15,5,33.44099392361112,32.80256076388889,0.6384331597222257,False
selective,0.9,15,selective_p0.9_r15,6,33.18754340277778,33.132486979166664,0.0550564236111128,False
selective,0.9,15,selective_p0.9_r15,7,33.412608506944444,32.22788628472223,1.184722222222213,False
selective,0.9,16,selective_p0.9_r16,0,33.086458333333326,33.37484809027777,-0.2883897569444471,False
selective,0.9,16,selective_p0.9_r16,1,33.79702690972223,32.994943576388884,0.8020833333333428,False
selective,0.9,16,selective_p0.9_r16,2,33.89602864583333,32.46790364583333,1.4281250000000014,False
selective,0.9,16,selective_p0.9_r16,3,33.95047743055556,33.30329861111111,0.6471788194444485,False
selective,0.9,16,selective_p0.9_r16,4,33.39581163194445,32.56905381944444,0.8267578125000057,False
selective,0.9,16,selective_p0.9_r16,5,33.147916666666674,32.77656249999999,0.3713541666666842,False
selective,0.9,16,selective_p0.9_r16,6,33.54442274305555,32.88528645833333,0.6591362847222157,False
selective,0.9,16,selective_p0.9_r16,7,33.92983940972222,33.04171006944445,0.8881293402777715,False
selective,0.9,17,selective_p0.9_r17,0,33.411675347222214,33.016840277777774,0.39483506944444,False
selective,0.9,17,selective_p0.9_r17,1,33.56881510416667,33.49296875,0.0758463541666643,False
selective,0.9,17,selective_p0.9_r17,2,33.30713975694444,32.46341145833332,0.8437282986111185,False
selective,0.9,17,selective_p0.9_r17,3,33.624218750000004,33.04420572916668,0.5800130208333272,False
selective,0.9,17,selective_p0.9_r17,4,33.79605034722223,32.331076388888896,1.4649739583333314,False
selective,0.9,17,selective_p0.9_r17,5,34.34498697916667,32.81901041666667,1.5259765624999986,False
selective,0.9,17,selective_p0.9_r17,6,33.55360243055556,32.95147569444445,0.60212673611111,False
selective,0.9,17,selective_p0.9_r17,7,34.02934027777778,32.68773871527778,1.3416015624999955,False
selective,0.9,18,selective_p0.9_r18,0,33.56419270833333,32.78127170138889,0.7829210069444414,False
selective,0.9,18,selective_p0.9_r18,1,33.64010416666667,32.784092881944446,0.8560112847222214,False
selective,0.9,18,selective_p0.9_r18,2,33.40944010416667,33.013085937499994,0.3963541666666756,False
selective,0.9,18,selective_p0.9_r18,3,33.67094184027778,32.81215277777777,0.8587890625000085,False
selective,0.9,18,selective_p0.9_r18,4,33.14396701388889,33.243967013888884,-0.0999999999999943,False
selective,0.9,18,selective_p0.9_r18,5,33.49691840277777,32.89969618055556,0.5972222222222143,False
selective,0.9,18,selective_p0.9_r18,6,33.38483072916667,32.87541232638889,0.5094184027777828,False
selective,0.9,18,selective_p0.9_r18,7,33.527973090277776,32.5109375,1.0170355902777786,False
selective,0.9,19,selective_p0.9_r19,0,33.16610243055556,33.096310763888894,0.0697916666666671,False
selective,0.9,19,selective_p0.9_r19,1,33.56471354166667,32.55295138888889,1.0117621527777771,False
selective,0.9,19,selective_p0.9_r19,2,33.48400607638889,32.92567274305556,0.55833333333333,False
selective,0.9,19,selective_p0.9_r19,3,34.214756944444446,32.65462239583334,1.560134548611103,False
selective,0.9,19,selective_p0.9_r19,4,34.130490451388894,33.02680121527778,1.1036892361111157,False
selective,0.9,19,selective_p0.9_r19,5,33.43090277777779,33.24405381944444,0.1868489583333499,False
selective,0.9,19,selective_p0.9_r19,6,34.34294704861112,33.29359809027779,1.0493489583333329,False
selective,0.9,19,selective_p0.9_r19,7,33.46375868055556,33.05308159722223,0.4106770833333257,False
selective,1.0,0,selective_p1.0_r00,0,39.13294270833334,37.67808159722222,1.4548611111111214,False
selective,1.0,0,selective_p1.0_r00,1,38.65607638888889,38.255208333333336,0.4008680555555557,False
selective,1.0,0,selective_p1.0_r00,2,39.071484375,37.33276909722222,1.7387152777777786,False
selective,1.0,0,selective_p1.0_r00,3,39.61072048611111,37.71651475694445,1.8942057291666643,False
selective,1.0,0,selective_p1.0_r00,4,39.0541015625,36.83960503472222,2.214496527777776,False
selective,1.0,0,selective_p1.0_r00,5,39.6068359375,37.43242187500001,2.1744140624999844,False
selective,1.0,0,selective_p1.0_r00,6,39.72124565972222,38.576388888888886,1.1448567708333357,False
selective,1.0,0,selective_p1.0_r00,7,39.40067274305556,37.67847222222223,1.7222005208333329,False
selective,1.0,1,selective_p1.0_r01,0,38.684375,37.280186631944446,1.4041883680555571,False
selective,1.0,1,selective_p1.0_r01,1,38.92111545138889,37.41189236111111,1.5092230902777857,False
selective,1.0,1,selective_p1.0_r01,2,39.07879774305555,36.55394965277778,2.5248480902777715,False
selective,1.0,1,selective_p1.0_r01,3,38.84157986111112,37.77348090277778,1.06809895833333,False
selective,1.0,1,selective_p1.0_r01,4,38.49268663194445,37.29457465277778,1.1981119791666617,False
selective,1.0,1,selective_p1.0_r01,5,38.37100694444444,37.04570312500001,1.3253038194444289,False
selective,1.0,1,selective_p1.0_r01,6,39.29871961805556,36.52115885416667,2.7775607638888857,False
selective,1.0,1,selective_p1.0_r01,7,38.877734375,36.670138888888886,2.20759548611111,False
selective,1.0,2,selective_p1.0_r02,0,39.133506944444456,36.96990017361112,2.16360677083334,False
selective,1.0,2,selective_p1.0_r02,1,39.53025173611112,36.9517578125,2.57849392361112,False
selective,1.0,2,selective_p1.0_r02,2,39.34398871527778,36.63869357638888,2.7052951388889,False
selective,1.0,2,selective_p1.0_r02,3,39.50047743055556,36.9621310763889,2.538346354166656,False
selective,1.0,2,selective_p1.0_r02,4,39.5544921875,36.977604166666666,2.57688802083333,False
selective,1.0,2,selective_p1.0_r02,5,39.31588541666667,36.65800781250001,2.657877604166657,False
selective,1.0,2,selective_p1.0_r02,6,39.5619357638889,36.59001736111111,2.9719184027777885,False
selective,1.0,2,selective_p1.0_r02,7,39.62615017361111,36.77417534722222,2.85197482638889,False
selective,1.0,3,selective_p1.0_r03,0,36.71534288194445,34.92730034722222,1.7880425347222229,False
selective,1.0,3,selective_p1.0_r03,1,36.59157986111112,34.948046875,1.6435329861111114,False
selective,1.0,3,selective_p1.0_r03,2,37.014713541666666,34.3638888888889,2.6508246527777644,False
selective,1.0,3,selective_p1.0_r03,3,36.48615451388889,34.73747829861112,1.7486762152777686,False
selective,1.0,3,selective_p1.0_r03,4,37.0609592013889,35.00154079861111,2.059418402777787,False
selective,1.0,3,selective_p1.0_r03,5,36.60557725694445,35.13500434027778,1.4705729166666686,False
selective,1.0,3,selective_p1.0_r03,6,36.80792100694444,35.39275173611111,1.4151692708333314,False
selective,1.0,3,selective_p1.0_r03,7,36.650455729166666,34.99906684027778,1.6513888888888886,False
selective,1.0,4,selective_p1.0_r04,0,40.29609375,35.791514756944444,4.50457899305556,False
selective,1.0,4,selective_p1.0_r04,1,39.46608072916667,36.94296875,2.5231119791666714,False
selective,1.0,4,selective_p1.0_r04,2,40.64207899305556,37.14238281250001,3.4996961805555458,False
selective,1.0,4,selective_p1.0_r04,3,39.92712673611111,38.06358506944444,1.86354166666667,False
selective,1.0,4,selective_p1.0_r04,4,40.75878906249999,36.27478298611111,4.48400607638888,False
selective,1.0,4,selective_p1.0_r04,5,39.58253038194445,37.33159722222222,2.25093315972223,False
selective,1.0,4,selective_p1.0_r04,6,40.48205295138889,36.64576822916668,3.83628472222221,False
selective,1.0,4,selective_p1.0_r04,7,39.66319444444443,37.9203125,1.7428819444444272,False
selective,1.0,5,selective_p1.0_r05,0,39.52975260416667,39.576497395833336,-0.0467447916666685,False
selective,1.0,5,selective_p1.0_r05,1,40.098871527777774,39.180013020833336,0.9188585069444386,False
selective,1.0,5,selective_p1.0_r05,2,40.35303819444445,39.36000434027778,0.9930338541666616,False
selective,1.0,5,selective_p1.0_r05,3,40.68385416666667,39.186328125,1.4975260416666671,False
selective,1.0,5,selective_p1.0_r05,4,39.87007378472222,38.95965711805556,0.9104166666666628,False
selective,1.0,5,selective_p1.0_r05,5,40.7306640625,39.2916232638889,1.4390407986110958,False
selective,1.0,5,selective_p1.0_r05,6,40.175151909722224,39.00171440972221,1.1734375000000128,False
selective,1.0,5,selective_p1.0_r05,7,39.56336805555556,39.283420138888886,0.2799479166666714,False
selective,1.0,6,selective_p1.0_r06,0,38.49904513888889,36.06193576388889,2.4371093749999986,False
selective,1.0,6,selective_p1.0_r06,1,37.71085069444445,35.61382378472221,2.0970269097222456,False
selective,1.0,6,selective_p1.0_r06,2,38.25677083333333,35.79895833333333,2.457812499999996,False
selective,1.0,6,selective_p1.0_r06,3,38.409201388888896,35.76603732638888,2.643164062500013,False
selective,1.0,6,selective_p1.0_r06,4,38.52291666666666,34.984700520833336,3.5382161458333243,False
selective,1.0,6,selective_p1.0_r06,5,38.79835069444445,36.09405381944445,2.70429687499999,False
selective,1.0,6,selective_p1.0_r06,6,38.4783203125,34.94084201388889,3.5374782986111057,False
selective,1.0,6,selective_p1.0_r06,7,38.04984809027778,36.05792100694444,1.991927083333337,False
selective,1.0,7,selective_p1.0_r07,0,37.45544704861111,36.268359375,1.18708767361111,False
selective,1.0,7,selective_p1.0_r07,1,37.235264756944446,36.34036458333334,0.8949001736111057,False
selective,1.0,7,selective_p1.0_r07,2,37.13667534722222,36.210546875000006,0.9261284722222172,False
selective,1.0,7,selective_p1.0_r07,3,37.090625,35.978884548611106,1.11174045138889,False
selective,1.0,7,selective_p1.0_r07,4,37.15052083333333,36.16801215277778,0.9825086805555544,False
selective,1.0,7,selective_p1.0_r07,5,37.31809895833334,36.11148003472223,1.20661892361111,False
selective,1.0,7,selective_p1.0_r07,6,37.453472222222224,36.07339409722223,1.3800781249999972,False
selective,1.0,7,selective_p1.0_r07,7,37.54181857638888,36.434895833333336,1.1069227430555486,False
selective,1.0,8,selective_p1.0_r08,0,40.76169704861112,36.86525607638888,3.896440972222237,False
selective,1.0,8,selective_p1.0_r08,1,41.70648871527777,37.67074652777778,4.035742187499992,False
selective,1.0,8,selective_p1.0_r08,2,41.44791666666666,36.73454861111112,4.713368055555549,False
selective,1.0,8,selective_p1.0_r08,3,41.32725694444444,36.79887152777777,4.528385416666673,False
selective,1.0,8,selective_p1.0_r08,4,41.578190104166666,37.299414062500006,4.27877604166666,False
selective,1.0,8,selective_p1.0_r08,5,41.34312065972222,37.5208984375,3.822222222222216,False
selective,1.0,8,selective_p1.0_r08,6,41.62699652777778,37.70670572916666,3.92029079861112,False
selective,1.0,8,selective_p1.0_r08,7,41.633138020833336,38.10449218750001,3.5286458333333286,False
selective,1.0,9,selective_p1.0_r09,0,36.859375,35.713541666666664,1.1458333333333357,False
selective,1.0,9,selective_p1.0_r09,1,37.45794270833333,36.837912326388896,0.6200303819444386,False
selective,1.0,9,selective_p1.0_r09,2,37.6712890625,36.692578125,0.9787109374999972,False
selective,1.0,9,selective_p1.0_r09,3,37.35423177083334,37.04450954861111,0.3097222222222271,False
selective,1.0,9,selective_p1.0_r09,4,37.09251302083333,36.15907118055555,0.93344184027778,False
selective,1.0,9,selective_p1.0_r09,5,37.00709635416666,36.49038628472223,0.5167100694444358,False
selective,1.0,9,selective_p1.0_r09,6,37.16158854166667,36.36206597222223,0.7995225694444414,False
selective,1.0,9,selective_p1.0_r09,7,38.074565972222224,36.261089409722224,1.8134765625,False
selective,1.0,10,selective_p1.0_r10,0,39.3802734375,36.42543402777778,2.9548394097222186,False
selective,1.0,10,selective_p1.0_r10,1,38.68411458333334,36.28934461805555,2.3947699652777885,False
selective,1.0,10,selective_p1.0_r10,2,39.13849826388888,36.5294704861111,2.609027777777783,False
selective,1.0,10,selective_p1.0_r10,3,39.12478298611112,36.134006076388886,2.9907769097222285,False
selective,1.0,10,selective_p1.0_r10,4,38.49739583333334,35.84698350694444,2.650412326388903,False
selective,1.0,10,selective_p1.0_r10,5,39.67120225694444,35.96477864583333,3.706423611111113,False
selective,1.0,10,selective_p1.0_r10,6,38.874088541666666,36.16128472222222,2.7128038194444457,False
selective,1.0,10,selective_p1.0_r10,7,38.952495659722224,35.64066840277778,3.311827256944447,False
selective,1.0,11,selective_p1.0_r11,0,39.59014756944445,35.266384548611114,4.323763020833333,False
selective,1.0,11,selective_p1.0_r11,1,38.73958333333334,35.561610243055554,3.1779730902777885,False
selective,1.0,11,selective_p1.0_r11,2,39.45759548611111,35.50789930555555,3.949696180555563,False
selective,1.0,11,selective_p1.0_r11,3,39.25694444444446,35.29173177083334,3.96521267361112,False
selective,1.0,11,selective_p1.0_r11,4,39.79481336805555,35.451996527777766,4.342816840277784,False
selective,1.0,11,selective_p1.0_r11,5,39.22120225694445,35.097287326388894,4.123914930555557,False
selective,1.0,11,selective_p1.0_r11,6,38.74346788194445,35.31089409722222,3.43257378472223,False
selective,1.0,11,selective_p1.0_r11,7,39.19431423611111,36.13572048611112,3.058593749999993,False
selective,1.0,12,selective_p1.0_r12,0,40.54029947916666,37.25622829861112,3.284071180555543,False
selective,1.0,12,selective_p1.0_r12,1,40.15835503472222,36.53470052083333,3.623654513888887,False
selective,1.0,12,selective_p1.0_r12,2,39.759027777777774,37.05681423611112,2.7022135416666586,False
selective,1.0,12,selective_p1.0_r12,3,39.56228298611111,37.121723090277776,2.4405598958333314,False
selective,1.0,12,selective_p1.0_r12,4,39.40516493055556,36.36059027777779,3.0445746527777686,False
selective,1.0,12,selective_p1.0_r12,5,39.59051649305556,36.464453125,3.1260633680555614,False
selective,1.0,12,selective_p1.0_r12,6,40.28151041666667,36.77814670138889,3.5033637152777786,False
selective,1.0,12,selective_p1.0_r12,7,39.051736111111126,35.6638671875,3.387868923611123,False
selective,1.0,13,selective_p1.0_r13,0,39.09390190972223,37.62022569444444,1.4736762152777845,False
selective,1.0,13,selective_p1.0_r13,1,38.88543836805556,37.09034288194445,1.7950954861111157,False
selective,1.0,13,selective_p1.0_r13,2,38.92508680555555,36.75295138888889,2.172135416666663,False
selective,1.0,13,selective_p1.0_r13,3,38.632790798611104,36.92719184027778,1.7055989583333258,False
selective,1.0,13,selective_p1.0_r13,4,39.52641059027778,36.616840277777776,2.9095703125000014,False
selective,1.0,13,selective_p1.0_r13,5,39.72039930555556,37.48702256944445,2.2333767361111114,False
selective,1.0,13,selective_p1.0_r13,6,39.48376736111111,36.57992621527777,2.903841145833333,False
selective,1.0,13,selective_p1.0_r13,7,38.98094618055556,36.533268229166666,2.44767795138889,False
selective,1.0,14,selective_p1.0_r14,0,39.48884548611111,38.30740017361112,1.1814453124999955,False
selective,1.0,14,selective_p1.0_r14,1,39.30581597222222,38.580859375,0.7249565972222172,False
selective,1.0,14,selective_p1.0_r14,2,39.44874131944445,38.25088975694445,1.1978515624999917,False
selective,1.0,14,selective_p1.0_r14,3,39.820225694444446,38.27415364583334,1.5460720486111086,False
selective,1.0,14,selective_p1.0_r14,4,39.93426649305555,38.199848090277776,1.7344184027777771,False
selective,1.0,14,selective_p1.0_r14,5,39.38932291666666,38.30273437499999,1.0865885416666714,False
selective,1.0,14,selective_p1.0_r14,6,39.72790798611111,38.249240451388886,1.4786675347222271,False
selective,1.0,14,selective_p1.0_r14,7,39.64997829861111,37.12220052083333,2.5277777777777786,False
selective,1.0,15,selective_p1.0_r15,0,39.89928385416667,36.75407986111111,3.14520399305556,False
selective,1.0,15,selective_p1.0_r15,1,40.69780815972222,38.46258680555556,2.235221354166661,False
selective,1.0,15,selective_p1.0_r15,2,40.98187934027778,36.37591145833334,4.605967881944437,False
selective,1.0,15,selective_p1.0_r15,3,40.08884548611111,37.20238715277778,2.88645833333333,False
selective,1.0,15,selective_p1.0_r15,4,40.12762586805556,37.48873697916667,2.638888888888893,False
selective,1.0,15,selective_p1.0_r15,5,40.122265625,37.290256076388886,2.8320095486111114,False
selective,1.0,15,selective_p1.0_r15,6,40.59481336805556,37.47430555555556,3.1205078125000014,False
selective,1.0,15,selective_p1.0_r15,7,39.97508680555555,38.08552517361111,1.8895616319444384,False
selective,1.0,16,selective_p1.0_r16,0,39.9,38.57194010416666,1.3280598958333345,False
selective,1.0,16,selective_p1.0_r16,1,40.538780381944456,39.08806423611112,1.45071614583334,False
selective,1.0,16,selective_p1.0_r16,2,40.07139756944444,37.7326171875,2.3387803819444386,False
selective,1.0,16,selective_p1.0_r16,3,40.04099392361112,39.18621961805556,0.8547743055555586,False
selective,1.0,16,selective_p1.0_r16,4,41.04296875,38.41030815972223,2.632660590277773,False
selective,1.0,16,selective_p1.0_r16,5,39.74110243055557,39.02790798611111,0.7131944444444542,False
selective,1.0,16,selective_p1.0_r16,6,40.23973524305555,39.18272569444445,1.0570095486110986,False
selective,1.0,16,selective_p1.0_r16,7,40.13938802083334,38.4236328125,1.7157552083333345,False
selective,1.0,17,selective_p1.0_r17,0,41.32267795138888,37.84385850694445,3.478819444444433,False
selective,1.0,17,selective_p1.0_r17,1,40.7216796875,37.50835503472222,3.2133246527777786,False
selective,1.0,17,selective_p1.0_r17,2,41.09125434027778,38.68632812500001,2.4049262152777686,False
selective,1.0,17,selective_p1.0_r17,3,40.73157552083333,38.24828559027778,2.48328993055555,False
selective,1.0,17,selective_p1.0_r17,4,40.59778645833333,37.58361545138889,3.0141710069444443,False
selective,1.0,17,selective_p1.0_r17,5,41.32779947916666,38.144184027777776,3.183615451388881,False
selective,1.0,17,selective_p1.0_r17,6,40.88893229166666,38.00859375,2.880338541666667,False
selective,1.0,17,selective_p1.0_r17,7,40.24587673611111,37.71885850694444,2.5270182291666643,False
selective,1.0,18,selective_p1.0_r18,0,36.923459201388894,35.11829427083333,1.8051649305555628,False
selective,1.0,18,selective_p1.0_r18,1,36.98971354166667,35.6273654513889,1.36234809027777,False
selective,1.0,18,selective_p1.0_r18,2,36.98446180555556,35.34392361111111,1.6405381944444528,False
selective,1.0,18,selective_p1.0_r18,3,36.73016493055556,35.393164062500006,1.3370008680555543,False
selective,1.0,18,selective_p1.0_r18,4,36.91866319444446,35.736957465277776,1.181705729166687,False
selective,1.0,18,selective_p1.0_r18,5,36.889301215277776,35.67478298611111,1.2145182291666643,False
selective,1.0,18,selective_p1.0_r18,6,37.2244140625,35.14305555555556,2.08135850694444,False
selective,1.0,18,selective_p1.0_r18,7,37.64991319444445,35.37992621527778,2.2699869791666742,False
selective,1.0,19,selective_p1.0_r19,0,38.689539930555554,36.30060763888888,2.38893229166667,False
selective,1.0,19,selective_p1.0_r19,1,38.37209201388888,36.11966145833333,2.2524305555555486,False
selective,1.0,19,selective_p1.0_r19,2,38.73103298611111,36.49259982638889,2.23843315972222,False
selective,1.0,19,selective_p1.0_r19,3,38.552951388888886,37.01022135416667,1.5427300347222186,False
selective,1.0,19,selective_p1.0_r19,4,38.705078125,36.336545138888894,2.3685329861111057,False
selective,1.0,19,selective_p1.0_r19,5,38.2599609375,36.16514756944444,2.0948133680555685,False
selective,1.0,19,selective_p1.0_r19,6,37.94069010416667,36.37925347222221,1.56143663194446,False
selective,1.0,19,selective_p1.0_r19,7,38.81232638888888,37.16213107638889,1.6501953124999955,False
